DOP; RV2T; EntropyZ; EntropyN; EntropyE; KurtosisZ; KurtosisN; KurtosisE; SkewZ; SkewN; SkewE; CDZ; CDN; CDE0.9974860275961862,0.9966969133614861,4.246532249762258,4.196065884586466,4.057525973801144,68.68119803730384,20.284526464559214,47.17788028656044,-7.880383412962213,-3.5640422773973244,5.760171844386299,0.013332608531445389,0.935546520916348,0.9165974070507779,1
0.05294090100486548,0.4053956948781821,3.7696814398320955,3.7515779789967816,3.446652092591439,0.4522651048295061,-0.26442325406975087,-0.19679004509858355,0.5195805212246896,-0.4328940346031296,0.5710670585654355,0.9330956368996823,0.9421831052103347,0.9412024965071848,0
0.9977403702309858,0.9943322909941227,4.9914981063999235,5.129345802494827,5.078209259136809,30.087366223060812,27.5586043877175,34.58352833336339,5.5206437474490135,4.9193706193824935,-5.5478670635597975,0.013143896719253825,0.9060406341407903,0.8884224510929968,1
0.4949254145264419,0.7618494345613421,5.001045818924346,4.739784513351395,4.859800142093533,-0.7168489223302332,-0.49578376695642357,-0.4239885761238309,-0.06028369686115843,-0.04881745399112551,0.01402812949657983,0.8523757120843485,0.92182129388153,0.9700691599971689,0
0.07854178610520159,0.2271246961681883,4.3891403194657155,4.531133705843969,4.600753475037175,-0.7210580819906678,0.6800743713741833,-0.35379113532429995,0.06646182788485976,-0.6031474963689387,0.053264829562565806,0.9344827817960794,0.9333509712189156,0.8947792835696151,1
0.11425392051955041,0.32245868457379345,4.634895185916533,4.561129726439978,4.912289568474297,-0.7874687446976085,-0.26455088699145257,-0.7215099140134282,0.03912972079190501,0.0905394223941547,0.1648306905184217,0.8735029103972801,0.9301337431708452,0.9380336103320085,0
0.8418388948745105,0.9420385314293729,4.59592259580176,4.928768752804319,4.938316465328741,48.24966087897735,-0.32134251773921507,-0.33651280138046413,-4.760726862763957,0.18655684998762712,0.41674837483332366,0.17160538491095,0.9582318521340698,0.9589016346423095,1
0.08321641048239156,0.21679930317416382,4.77182563166057,4.955141757003972,4.968087450264302,-0.6916615518301583,-0.982541035404231,-0.5845638482299411,0.2139809812151336,-0.021934787898530424,-0.11019641197653772,0.9253011446934928,0.9367267021477433,0.9588342007574342,0
0.989599590253528,0.9693403310646207,4.333833565204608,4.162125260868634,4.216635264342816,20.395776733303954,23.66085822994323,16.29568403150131,-4.59262418170943,-4.833246048536844,-3.571527543245763,0.023526628891293914,0.7113836561704578,0.9259497126888271,1
0.17454399001363188,0.13747046320754164,4.0073627477718325,4.326410965870113,4.563399859813591,1.654598146681967,-0.828178334719333,-0.69266381231634,0.747172174670479,0.09078689028366477,0.01945009669840635,0.9494975207388622,0.9459646525285063,0.9474020551693532,0
0.5074433250605349,0.8062464062325949,4.628880964461802,4.684197228572815,4.555340540645699,31.153711600607842,-0.15371559808616952,0.09756717738188181,-4.310880804699925,0.5460074470005735,-0.13040978371987136,0.8435994656528476,0.9545737963375263,0.9520308718641571,1
0.18758864362759126,0.15054234965736873,4.440678465025966,4.826706263099706,4.625436998718777,0.8780821853288718,0.10354190955786713,-0.3918680377935755,-0.150728486605275,-0.540388984597962,0.27342353442853085,0.9395874854325296,0.966989422167814,0.9631493640118419,0
0.9994174626310137,0.9943407684637839,3.689909294457287,3.75965597987804,3.9987102490900868,27.48603767735081,41.34937469598282,32.88182808520763,5.27649925079847,6.32331178017845,-5.694379139823834,0.016885709822543327,0.01856998488717169,0.022489959194283378,1
0.21965243414483057,0.07047831132773921,3.5056028412073377,4.298394466159525,4.12292763509341,-0.3836882580073899,-0.30262980409458695,0.5130449972679036,-0.3311265093708032,-0.008064381753315693,-0.2903367964310039,0.9318731650180194,0.9542659279898393,0.9547392126368371,0
0.9047987104845528,0.942752377110836,4.8598896674202,5.014908762535544,4.75887993840024,27.881543667472968,9.969845780282645,-0.6511927979060248,4.940777716432215,1.821512056486333,-0.13414003163877114,0.483568807989536,0.9351446686259065,0.9661323616716166,1
0.2514072335555174,0.19614618653017596,4.772171739005779,4.963772219177526,4.8987727322083074,-0.030253881515287517,-0.7373878950609036,-0.6979996963360202,-0.4870407443536515,-0.009406681610151757,-0.0757726773052709,0.9244853788703098,0.9204559876594484,0.9149772592943547,0
0.2798480798390868,0.5925830752727531,4.848553439201158,4.5835020605399714,4.847636188850288,12.913148395644669,-0.44639445850084414,-0.33002465534771375,-1.9749455629030899,0.1650301365953088,0.21933835178638533,0.9592492706714852,0.9401562523514417,0.9570531131658012,1
0.10029554631697533,0.18507519377087475,4.196847624603551,4.360777712409918,4.5010166135631975,-0.7437081633317133,1.2055241736512015,0.4856118208167466,-0.012244428602519812,0.20328983282250487,0.5271922251246259,0.9396705632096961,0.9513910356938418,0.9234104440089522,0
0.9504761796926424,0.9783360292215885,4.933430091236305,4.955141757003972,5.049566121563542,23.383675053161515,8.154077875760409,0.0849958608892738,-4.779205935876646,-2.3947070525107677,0.18989469734298814,0.02116284840748922,0.9223771834488159,0.9238538033298513,1
0.09135799202479483,0.3058351012466325,4.996730587837568,5.040935659389989,4.925716879413621,-0.34412532904554904,-0.5754389252734633,0.06888297804610621,-0.08611912155069182,0.02176018089161318,-0.313588193013988,0.9399186506876158,0.9377905251032954,0.9327510123508796,0
0.0780304180512921,0.5143290215731103,3.305543935216375,3.770037256333045,3.725536106201036,20.010872935221325,-0.657842060416153,0.4083399397518881,-0.4604208421624768,0.2006948096736354,-0.4986391589255511,0.852774962340186,0.9715632102615914,0.9455811947112015,1
0.2838784209068144,0.15727547807888084,3.17692722269592,3.746566324983784,3.1812468208593914,0.06410029391455474,0.3315527005008785,0.704117615931557,0.2420406482476373,0.37245976626538674,-0.09129319620771276,0.9654336794668491,0.9184718342504031,0.9433156138418443,0
0.9872681192233285,0.9868792854562076,3.7828134087899463,4.130785867099779,4.020257675668425,26.29832227566365,10.104555009977751,13.388290807271744,5.127970992138676,2.643060040565994,-3.349743727641121,0.016964823822427203,0.9292694382813791,0.8995480983758846,1
0.09344539439438748,0.4214477870264035,4.163163582904261,4.125277783943786,3.926489249947898,-0.7778795147876756,-0.4963912263909571,-0.6341195266757076,-0.36040920039604424,-0.3060598074588341,0.20000728469865459,0.9556367261128417,0.9371092932410499,0.9631521874598798,0
0.11049603951239888,0.2507376251546319,3.2378992330990566,3.9318087726006588,3.540008885002353,12.419908221083746,-0.1797858055228474,-0.6536729598820621,-2.0923649460714167,0.268234303675101,0.08052173034709954,0.9375024007365084,0.9277879199025089,0.9324716460699544,1
0.041132287872021965,0.21136724490632489,3.281815760126516,3.6177649834711856,3.584521503242892,0.6347773788424811,-0.5687720206657256,-0.9544529078742636,-0.11275267252407982,-0.24121096681190185,-0.07697111469720225,0.9406248019112015,0.9585287154397633,0.9461986174794531,0
0.9949626378438953,0.9944184938856235,3.649404593247935,3.8726003834164544,3.5692936712081402,27.18965662344237,27.234311287979743,25.318672604086906,1.3253046945811762,5.212902578989058,-4.868112458154391,0.023496754625703005,0.12196539515181637,0.020248881549572956,1
0.2477222167115357,0.1498235964566117,3.4421335404007625,4.08547689668399,3.6005846467216607,-0.6384307577095738,-0.14183146153439186,-0.779233395474864,-0.2851084581094319,-0.29360616849805493,-0.22175297964153545,0.9158842771139976,0.9629822399756868,0.9583043709239969,0
0.112828028125503,0.2307107195931574,3.7998082412686065,4.070728249080018,4.049362690657561,1.47471583779076,-0.34445546430760876,-0.28701100846208893,0.7066196931707696,-0.2956683735750573,-0.10698218124728882,0.9273196297649474,0.9073402358566858,0.9672041172774185,1
0.07656566534541343,0.16743307355259446,4.19839208493792,4.5706219441073825,4.486236419601129,-0.3734527964550467,0.15330402043117797,-0.21213611669240606,-0.366603005198234,0.2550286830977604,-0.20708218799804567,0.9348172124674937,0.9636613371344642,0.9569070569773053,0
0.017056102156045753,0.3220587227218699,3.4833512059771263,3.639612159572636,3.750777019974054,5.208251673820373,-0.4479947113365572,-0.41791368578684907,1.5292648002839297,-0.2583120983372643,-0.13355803112762876,0.925669828324085,0.9468599934314382,0.9576974309774658,1
0.16612405056394303,0.39606949776701544,4.142112013348102,4.171953503910523,3.6933331979855444,-0.8473102309734815,-0.9450946291902147,-0.46558361568632733,0.23447093454355564,0.12287964512498065,0.29339531312420275,0.9362507942733962,0.91462713696243,0.955140828366118,0
0.22459727836083213,0.1765166074319657,3.542850360687463,4.208665470501588,3.8072810686745604,4.23721858971399,-0.5410155519944846,-0.7594865104737631,1.546965781732039,-0.11995506832963268,-0.38092128968447136,0.9508637093242208,0.9291103128139674,0.9251984665784142,1
0.12962171496653166,0.11246536492681751,3.6618196823624807,4.264678678796301,4.160805836194716,-0.8941588774526719,-0.34050544591323284,-1.0177341890111646,0.007174673843213896,0.13374446891803532,0.134278558874073,0.9620856234887606,0.9290460827458873,0.9402965975515968,0
0.47907701494005317,0.7937969102879943,3.6388549401752948,3.599491444540164,3.395844349563719,21.447046814619924,-0.2495257826307964,-0.34885516049400644,4.237714712812281,-0.2855823377296503,0.5270925581522938,0.8554427256006595,0.9462002825568422,0.9425463602754199,1
0.1097019616532597,0.49640010986567384,3.926825847443205,3.408857255958775,3.7968268735047705,-0.6362181776631446,-0.4888411785463198,-0.807267175526786,-0.20304773152758812,-0.12076680349202523,-0.015261825079290057,0.945152815964129,0.9283187922122156,0.9444811636783877,0
0.11383076105961552,0.31040495412698976,3.3509351202227644,3.6525333670417623,3.202435326311126,-0.12111169188503146,0.35616225478463504,-0.1570850270813513,0.4410997259493915,-0.32376571189422215,0.25512342031201407,0.8805913732634573,0.9414513861867673,0.9618838096559361,1
0.30681919417726333,0.0854620583424306,3.143376405483737,4.010479625869452,3.6684951442703557,-0.29840938318113475,-0.17346510150708117,-0.05518281207570519,0.24747866891893572,-0.3397588144361478,-0.47137588524979257,0.9240724593858447,0.9581850253727763,0.9741313142771576,0
0.8787824272979897,0.9150818910499425,4.748414975524948,4.65908758206924,4.813760569839377,22.783776957212126,24.74968390760196,22.39123713757041,-4.525742779504307,-5.032207545373116,-4.765862242556165,0.015063053435163225,0.020876584598004167,0.5422659063814325,1
0.09400240970029057,0.14387559022944243,4.163107515926423,4.556904020679866,4.580885819821149,0.46026366812561026,-0.4179905872571683,0.13062671009937343,0.8563306617472777,-0.18593564134258952,0.43335279488206885,0.95758545819637,0.9501571512513503,0.9028339475588367,0
0.10082132099725058,0.4299463804235067,3.914871919090568,3.8545892654103575,4.204035678427696,10.986755701266954,-0.4129326790488208,-0.3977206971700289,0.1884968994619163,-0.2184042900298754,-0.07702043975090206,0.9366355641452868,0.896953639266181,0.9590528030529283,1
0.3990312125023443,0.08747093002903049,4.325638735702929,4.846372831154211,4.463743013816377,-0.7079609232311772,-0.36420580976482064,-0.5144788583629483,0.09356962531305014,-0.1718401358269701,-0.20508340625530563,0.9677818694061417,0.9650000989242205,0.9410788428748799,0
0.9990656142903618,0.9942785501105662,3.5043298840601214,3.428449714163267,3.738842882747878,34.773792178909204,38.840016297577435,37.95713094148,5.846145831740688,5.97664908317235,-5.910716228161948,0.015915898622235875,0.7582192564939725,0.7921480217157908,1
0.09868229033229318,0.3500824213756702,3.530226626967579,3.1654399175033663,3.635924138469356,-0.3061605536574108,0.27877030857903273,-0.5714375683166253,0.0342214000422613,0.06874709990753336,-0.3432838603432493,0.9431998859201861,0.8597610664201905,0.9452174044096132,0
0.9879427893752026,0.990305299220405,4.583703147701495,4.691610318057407,4.513134581799325,22.17089692654933,13.067560013490528,18.475258123893006,-4.423423401512052,-3.271340612808497,4.11623274981974,0.01576964311924898,0.8708306523875481,0.8994802416224015,1
0.05765082049579381,0.28531805934936877,4.352236775563032,4.342454517528259,4.5790973041265275,-0.5163829211658757,-0.28407258078892195,0.20225289862082718,0.07003122255244072,-0.09531599167627325,-0.6271051985986021,0.9081901789298538,0.928098077983231,0.9523094384820457,0
0.4981340584230155,0.10642890919821213,4.168630609852259,4.303225345394939,4.761496179119062,0.3609774305786284,-0.8312851135448027,-0.5576540715581717,0.1305373047830064,-0.13111880367282427,0.019706042433704433,0.9354545662104713,0.9673138413155871,0.9577425276387435,1
0.6216647966846387,0.047704031366065824,3.581309026777848,4.21826867788303,4.5918179617264085,0.9136981506265958,-0.5729659206553896,-0.9739110743002399,-0.18099020341743763,-0.2526043626776968,-0.03336899511844804,0.8923482541828597,0.9626033553199564,0.9504575594026831,0
0.9582738067000619,0.978418228046867,4.175416489353354,3.811374806762199,4.434407661552691,24.907330946307862,5.19275862720926,2.2378525839412715,4.992651730291269,1.8882940243510964,-1.142749760372608,0.3124982283725529,0.9214420026779203,0.9343305163479085,1
0.22016155038501214,0.6038455844970071,4.396127286128335,3.8723903585258466,4.174434234295562,-0.4366184586229944,-0.11335049817184828,-0.5120419960909381,-0.05830560619478757,0.3687076645416073,-0.12275734855623434,0.9251965909089507,0.9564319465289075,0.8998457107161467,0
0.9953824398206865,0.9887438277794716,4.305761570636999,4.473726359012677,4.556814495353202,20.59678088020768,33.77677544827717,22.96986707917142,4.593701997829591,5.540731554567194,-4.542166019080383,0.01578488413076731,0.8297685140861514,0.8495753418995695,1
0.1931347897534314,0.3376493452898511,4.553506039943959,4.6553434939881235,4.528306868113719,-1.0985409432240882,-0.33838585523152576,-0.9806383041559026,-0.06446130985532572,0.216183288023942,0.18320441182112338,0.9306251304579991,0.9474604717045432,0.934996111938289,0
0.9843533484250802,0.9896052957370061,3.92030915863326,4.161319000231803,4.322386347271524,27.592027284607795,6.81880995533413,6.2646498774170905,-5.2756516025518705,-1.9922170725085142,1.682708634861669,0.015692101983599473,0.9135943428507418,0.9109292236418337,1
0.04778439494305284,0.3879418783161207,4.327908869076543,4.168751681537021,4.229379870441621,-0.2317755566555011,-0.5344631199537866,-0.8986658948046156,-0.09721081772766148,0.05810250340766986,0.18966718889180284,0.9526500970474979,0.905981439943396,0.9415878763861071,0
0.9857051147887342,0.9897206783035933,4.708871242404514,4.287012252933366,4.689565220344242,34.48820611136231,33.161279960746356,4.138961886647911,5.7223859712053295,4.973930643402028,-1.2441541740655921,0.02244639867316455,0.9214590928505265,0.9024877486117883,1
0.1047370891915173,0.26019821840956525,4.641134443031714,4.614536403171611,4.940361563041905,-0.5675025540980583,-0.24046426375049235,-0.5445040409379791,-0.07656963474523515,0.0466511892483833,-0.08476966775918943,0.9351244448122362,0.9278251037785832,0.973017193707773,0
0.9917818647299155,0.9928310816299907,3.9556795820278983,3.990401945762818,4.099671508991378,22.100832852882508,21.463362359440254,22.057034627105335,3.9976257489124696,4.653407118082295,-4.680751841448969,0.016815614343894628,0.649926819309906,0.7308282660677675,1
0.5557974689522283,0.022933110564407173,3.9185264818450207,4.553506039943958,4.94467679412868,0.17946860162071543,1.120454047778157,-0.4313628421215552,0.11625214774997088,0.041107348811156914,0.4119358473328053,0.9588773122290557,0.9572042372127946,0.9397032398810927,0
0.9724244351486921,0.9863666239972646,4.520201563938707,4.512263316455574,4.465030892132199,21.83042469400008,4.035916660369887,8.523009206536463,2.796851622174737,1.45688376190213,-2.4076002925051867,0.02887413188026434,0.9298731069275863,0.9014418546533365,1
0.060703931425947245,0.3269737546259745,4.514397939495403,4.416745135003354,4.4897699106708195,-0.9077076435617695,0.3247726367093522,-0.8803951591627217,0.26383477536653316,-0.5303806444525186,0.18300985497298275,0.9359533473146107,0.9141135114837489,0.9291868017480781,0
0.9902863526793967,0.9929837695497501,4.557700199345978,4.484392409049491,4.386659589080678,44.15010144008583,8.266321127184296,22.22344146918407,6.595207015437653,2.0576347699809445,-3.6692527211933506,0.04256081326481201,0.9069854028659424,0.8774336218676726,1
0.09262209619427664,0.40729633170906626,4.680363615165032,4.4607806657523446,4.670559320622066,-0.4988962013893179,-0.5957951157242745,-0.4201173551401274,0.00044804905008474473,-0.2878481152581462,-0.2902732023380374,0.9364259864155541,0.9222268534384581,0.9593929303370328,0
0.9804669348802943,0.9924910404965737,4.783072334552947,4.9914981063999235,4.718643990589388,44.75051446742452,3.6762717011733157,26.749541977298353,-3.882292010968317,0.22070062505289936,5.064712182566033,0.018436119532991794,0.9328768697695181,0.761327984739921,1
0.12489753325123373,0.1545872750223185,4.046569883396958,4.446346579135487,4.245569014404271,-0.7337892201261949,-0.6096660109342285,-0.03728021762327405,-0.06183647534942732,-0.058041264907861885,-0.1657137875867652,0.9325418193227324,0.9514920196649179,0.9353319011629045,0
0.021283477757534943,0.2706250957250457,4.851951419937065,4.905704204013907,4.857965641391797,-0.4800056280864822,-1.0964650731316496,0.23212633845350972,-0.21371395506365312,0.18380244087743028,-0.5517717270908372,0.9146401069307667,0.9245511247936049,0.9332860062533541,1
0.05835957112480008,0.3829674699427841,4.85365041030502,4.816947953563858,4.860581882110619,-0.14120405501782862,-0.29466311135032086,-0.9841095725359015,0.20430519545651393,-0.4285926390511706,-0.12779298468397024,0.9643911952049213,0.9090110572190473,0.954125046138627,0
0.09301761907586556,0.2961593845808855,4.554423290294828,4.591036221709324,4.722388078670505,1.1833589141056517,-0.8750610168538406,-0.6831367571903781,-0.7792446985451296,0.002919513036891213,-0.5050924322305786,0.9529479516792604,0.9126075067419426,0.958953481714784,1
0.12386004637930087,0.431181350595421,4.815595070541114,4.734552031913751,4.606767696491905,-0.5484731493775583,-0.21840719850745272,0.9026584051554827,0.09945141951128506,0.4188000564395786,-0.8238258782907059,0.9353089731679463,0.9595714570741882,0.7756286619746748,0
0.17142502682009725,0.5727195706878979,4.6704697952954,4.565669993187206,4.475304277695869,3.547629002611747,-0.502060525880871,-1.243469556571004,-0.2780780142610082,0.1946344711083168,-0.10058930580226916,0.9304590889042983,0.906803148358333,0.877115045933337,1
0.09594880038879948,0.18119218591285258,4.246195652266952,4.526462857562079,4.485970327732684,-0.13299734697932752,-0.25004037307212545,-0.4042160000917123,0.03724315805595853,0.09695587424442029,0.10014396182648486,0.9482682305858702,0.9190344852448135,0.9436219992726097,0
0.06092832130391709,0.3028258964810714,4.655343493988121,4.653508993286386,4.475996492386287,-0.6791707267014071,0.2663837884330009,0.8888030472806792,0.45311147951534353,-0.744526067383565,0.1858978931001856,0.943850658930335,0.9220572579226356,0.9078035560554488,1
0.16077659221080426,0.45090985721243776,5.0435519001088105,4.778321470794294,5.079908249504763,-0.1916366041575075,-0.5163787648673934,-0.69560520320085,-0.5300430071990004,-0.18616104549420112,-0.032204980513351876,0.9600611384615109,0.938313772979446,0.949111265601037,0
0.9953730668644579,0.9961155279730589,4.872399728008654,4.863769265835101,4.865814363548264,50.09939003893567,10.166235858052959,25.31975933877547,-6.703861143603757,-1.5585266232556274,3.7898963097612564,0.027249908020254038,0.9340636551154002,0.896129223587365,1
0.15223517074254483,0.4214187490808151,4.928197609798659,4.9281976097986595,4.755692554675758,-0.5198176912663586,-0.9467932354780135,0.11752204555320578,-0.08647743126105654,0.25409494418727874,-0.00528404960422634,0.9207237878901178,0.9415431469137289,0.964129076426117,0
0.07807203277123777,0.3728088287156674,4.205879688979335,4.004916047856439,4.299948436343792,-0.8731883442866977,0.26890634310693207,-0.6920126476509645,0.41470965625041334,0.5865710080922824,0.38362481620702377,0.9405311326132473,0.9329586250508078,0.9439277823010729,1
0.6232068572330127,0.057405051383879586,3.025420441385997,3.2847137303771414,4.147175526103135,0.09058598887039127,-0.2513557215721094,1.163834427009066,-0.7532285303494575,-0.12294078564421287,-0.43222045449917035,0.9251610979111107,0.9386192456717548,0.9340679739310186,0
0.23062535046855967,0.6420500701414663,3.8210282073865596,3.7868530381583745,3.397117965655493,13.949136971131527,-0.5793191484775151,-0.3082163804355118,-3.0485831229658467,-0.21322546865045902,-0.15476893406537856,0.9140207635060015,0.9444736173889405,0.8769461693330297,1
0.023618119340767036,0.3317675735498601,3.471716081675944,3.604593717258127,3.4645570126794714,-0.254894903306532,-0.7549080963276493,-0.07913661360190716,0.43645041457483535,-0.12045654765263,-0.5837294931106652,0.9364473831171355,0.9462033519665799,0.9607090909212053,0
0.03506307131219437,0.3683326183288384,3.5088678071603696,3.7644252092013626,3.9391443307200382,18.364989506033687,-0.8022642758857415,-0.4882279879256233,3.083995226159918,-0.0026472902672596108,-0.07980671915000931,0.9417000314608696,0.9527785460831936,0.9375979239280681,1
0.14759318671986074,0.1454667326893442,3.2524945375014127,3.6078962054787787,3.867123647312717,0.5764764186242162,-0.3998503559512825,-0.8420312656100881,0.5285354270915883,-0.36135637244541496,0.0542698500745258,0.9443171335528637,0.9579546092373427,0.9299210018056999,0
0.053945115561233874,0.23352888515235704,3.8553542705333506,3.9707908725653343,4.127879013892768,0.9427943576890119,-0.4820418906937842,-0.6209783456016158,0.601767504198065,-0.3384927412624644,0.03304973539754385,0.9369621187453804,0.9360923906395787,0.9451749065049165,1
0.14720727630894928,0.307805633814383,4.160571290684364,3.9703791883923842,4.327473808525486,0.42925761732360845,-0.6244229033138131,-0.584432854746769,-0.4120771129230201,-0.06973633131215444,-0.12342314485002324,0.9265533388435951,0.9212276166787633,0.9071235482442755,0
0.12568920073121617,0.471167067710265,4.331273391463622,4.355320195311825,4.422243708309447,15.393650699071316,-0.5359838220659556,0.4795466043168779,-3.310967647225606,0.40151079743861917,0.23366324257548896,0.8982260516717773,0.9241444533417695,0.9570571435405317,1
0.2230417031373286,0.401238067052763,4.3869256809491235,4.030356790935382,4.335668638027164,-1.1492793712866747,-0.8898069125331127,-0.3735157405879548,-0.15636696020349491,-0.10480473245621653,-0.12210579771523644,0.9544258003427671,0.9141696250203166,0.8458532505890352,0
0.16495978121783333,0.271445238234466,4.324285852680185,4.404402131106779,4.559084628726817,-0.07612304723802854,-0.26678703058714603,0.1191826796675568,0.5790507918135765,0.08298850387245944,-0.24327956379309687,0.937750774238543,0.937651286582687,0.9409678260627272,1
0.21918733089637177,0.15510948724625767,4.372370522647505,4.381436617492934,4.72762056010815,-0.24749112318145627,-0.8241911921266598,-0.16043145531419167,0.0391706864388693,0.08292710422507528,-0.45523968517354413,0.9466997792746009,0.9466593712543399,0.9557599254865299,0
0.9790693708152238,0.9831116260361469,4.364490254132944,4.65577912666,4.7121481514556605,21.077194115360868,28.12734182365158,20.31798711687729,-4.664839993013292,-5.280804298305094,4.538690716837304,0.023344997958050912,0.750587187234271,0.6792430568790881,1
0.1668645606032295,0.1272308390837951,4.338574919113357,4.565669993187207,4.654772350982465,-0.3421527256568275,-0.1035752977396891,1.1902985505858892,0.10483571804975025,-0.08195177924528389,-0.27038558833099774,0.9440698866541529,0.9426299664056994,0.9388075485462624,0
0.9793592916955879,0.9921336275179603,3.7811944338987558,4.016910460296255,4.093406007132202,37.35788327081464,62.42626389671423,29.744215137613125,0.28798082194274205,-7.730336610804218,5.458183489164736,0.0006714255155379701,0.03766302069670219,0.08407230507580507,1
0.08302365739911675,0.2153509988859915,3.780717545713045,3.935184716828373,4.230989335482911,0.6633903691600969,-0.3597486368932459,-0.2765305894760748,-0.10489916504836669,-0.6323611433983424,-0.4395391403375776,0.9208844361776052,0.9460525923742219,0.9482309576352098,0
0.24301475028375358,0.25344356116445654,4.5871566232944225,4.557129056340318,4.882729180550162,0.4566228062944724,-0.16734439051219052,-0.41815479622749985,0.1484581858599695,0.36605599713687065,0.5145151120192892,0.9253554613170881,0.9420982817472194,0.9303554567833432,1
0.39609674331346423,0.13580364780421858,4.465442004184331,4.967305710247216,4.560783619094768,-1.0263230507019083,-0.12407272495477217,-0.7019588337932867,0.12319467942197067,0.14702679689096948,-0.04529198265770547,0.9062553545871923,0.9690360059716185,0.8679480081661826,0
0.030666548126951812,0.386379161906522,3.629203263675184,3.756992527896147,3.6958821491917324,4.505563861808278,0.2855567667581309,-0.698276963135386,-0.771769367522032,0.5187936512509403,-0.06924353046792349,0.9000248982944845,0.9772471002088217,0.9648938406536671,1
0.16732839237340888,0.20797840512830695,3.969687545822783,4.351319525212163,4.118701357212481,-0.5657958076587697,-0.7986554919488453,-1.159884962197224,-0.5242606753551765,0.028024740929031514,0.1441872002033723,0.9331938707117808,0.9555927932370007,0.9466836461591183,0
0.9862246943810378,0.9935606360781687,4.7128403661460805,4.627617606765723,4.691353736038862,24.119035230465673,11.420509335090788,12.564712985807711,-0.08137623027435742,3.1577473719651494,-3.0706466312801064,0.012444587578497859,0.91586359359867,0.9051289875249363,1
0.17751843392616698,0.16715030887361965,4.509211443064874,4.547402293162564,4.661357715442854,-0.7886314269121817,0.147562834097692,-0.7958937545299798,-0.08571558256746395,-0.39356094835319494,-0.235302530844291,0.9441256311562053,0.9553206934296385,0.9225737853253315,0
0.9899795662581518,0.9962022426431628,4.7211247209744265,5.066045305893564,4.9802514035075465,39.625342192401156,9.723066283473914,23.39089671044162,-5.779355874204202,-0.02154431937192181,2.196670671726927,0.02545288102572555,0.9074771882849301,0.877031084493833,1
0.354180596682404,0.2005768026006877,4.891495153057498,5.082178382878375,4.8325098875430115,0.07040725421245986,0.7542650326397484,-0.4049509375523215,0.05858826076674666,0.062254532220997874,-0.0048464385853269005,0.9259362777078984,0.9488302133096963,0.9357450265955135,0
0.6092174693220616,0.8519466016662277,3.3728670921575983,3.751657994473545,3.676043744088731,45.43796623032408,-0.3638679588814191,-0.4032534426984129,-5.86638423864376,-0.03577241169713477,0.11044476043115371,0.64181031093071,0.9483537005209801,0.8980126342295601,1
0.13381638376588922,0.30040736814622154,3.536666399123465,3.6707920945087804,3.5648936951513166,0.04216491803821221,0.22179287091413658,-0.7156006571956905,-0.6062545575055404,0.13182501231814153,-0.04442628345628554,0.9222985652800305,0.9568608702726957,0.9367088160648424,0
0.872212140582184,0.9506454223720897,4.8047840003206135,4.956840747371926,4.894457501121531,24.46330917784527,-0.3534334164324968,11.363802654938006,4.7321927581732846,-0.04643704142805964,2.6300350535353267,0.429341756349981,0.8930515189577729,0.947945222118177,1
0.07605824900157877,0.30996116695523923,4.613619152820742,4.808528088401731,4.670559320622066,-0.2946988730921203,-0.7285459888706529,-0.8184018108548043,0.14384828111481943,-0.03778652079818715,-0.010205883269788473,0.9341023009739287,0.9578012077494052,0.9357319130720478,0
0.9954573017077312,0.9963591339256924,4.666445176696811,4.742400754070218,4.795582395141401,32.55420635097861,10.58029877399498,12.598548824678705,3.5270934634756235,-0.1893236460173588,1.1310111456885805,0.028988582957884597,0.9168542868795855,0.9029624520313471,1
0.18514983215257574,0.22541985190140992,4.786034682616979,4.9836493842434555,4.672950525680439,-0.6078356473527862,-0.5534437315118517,0.5609820295764818,-0.2794078361738978,0.2414171876903645,0.08292563633736497,0.8851004750869397,0.9465469662489702,0.9220138894408484,0
0.9938672586337943,0.9965051369096262,4.543868802092874,4.7866058256226385,4.681145355182117,32.78704774622487,0.1653481284043452,13.790602329552154,-5.256983365227996,-0.10065327276237539,2.7408657393985916,0.013892424353318727,0.9404854851186482,0.892442520932344,1
0.44539769793953393,0.06634821801518243,4.1508635472064155,4.841486457061774,4.446000471790278,-0.9923086041191054,-0.8212347653121603,-0.6203802449890206,-0.061167840553775055,0.00048281760591861793,-0.06999231097895373,0.9535405639011565,0.9638387876740965,0.9368810129583024,0
0.47674003529326636,0.7630406420472876,4.7817194515302015,4.242226528525383,4.16418459792498,-0.3470363904563549,0.20565790085761426,0.5263348454842443,-0.23821613846029788,-0.4716089055759522,-0.7105525007628108,0.9462827846798134,0.9351546449446643,0.9209430519838305,1
0.5564397561486404,0.07501018020921564,4.122201389933345,4.8189930512770225,4.226020649668643,-0.7600284723572384,-1.2094966972766759,-0.14565779481244467,-0.2410695226892806,-0.005764658786916574,-0.35432013627819464,0.9386564146433302,0.9425972495587621,0.9261274447266818,0
0.974325080694519,0.981963567371532,4.818075800926154,4.892623000419793,4.986836767967937,25.308801302114443,12.127882755363942,6.189914707676335,5.0367594951178924,2.8702033203953414,-1.9030000110992946,0.016719809886224523,0.9213430226286944,0.9500895421404475,1
0.7378369408541662,0.06860105383188676,4.893194143425452,4.739784513351395,5.154455448998402,-0.7133334043628996,-0.40937299153991935,-0.36738040290972274,-4.447271425110317e-06,0.05947583517993101,-0.09672800440938946,0.9420264040826622,0.9459762987285684,0.9591297270098003,0
0.7445943864036321,0.9061395159013237,4.088495311725861,4.305391514792866,4.198321579311058,45.14363412460575,0.2882555841369201,-0.7737378562408042,-4.775181651740813,0.23769788475904238,-0.11076734893536545,0.6513522069519785,0.9702333362956792,0.9020840308980217,1
0.1288159265136568,0.22306555916709106,4.030661842072595,4.330861707290674,4.254971134624191,-0.3588053020138293,-0.8351497727011012,-0.803884992934687,-0.5956187073808846,-0.12379829511874407,-0.40402630701724557,0.9316945578049652,0.9492537488501492,0.9322189855926409,0
0.9805025754105205,0.9928930764955385,4.7453076072772316,4.658475382855583,4.919567147625106,53.366464775661996,3.3532796841036916,9.881220508499077,-5.920418445674447,-0.8835487411730466,2.566957502409516,0.012725391997941551,0.9382028617437781,0.945565922361725,1
0.23856158097372634,0.03704665136443137,4.048905021477493,4.7662470428777155,4.850688062240987,-0.6155667799274345,-0.6927942510918705,-0.6649018476535695,0.1923665255871456,0.008231556340907553,-0.18538647906263062,0.9087621872406793,0.9477120555846212,0.9561557767522418,0
0.9730652221664537,0.9888733588201073,4.864115373180311,5.005361050011123,4.965125102200269,52.91143049542834,-0.39605977797618186,4.4726175980269405,-6.499029260467557,0.28557978497873354,0.9567775346054757,0.03073633670013017,0.9374570553162859,0.9590783808153165,1
0.20851183503737988,0.07718147368616508,4.297421720951634,4.780456093834124,4.729319550476105,-0.7722906161603991,0.21955354234543156,-0.05850171733463361,-0.12871777633832746,-0.4373898359960669,0.06243588513989268,0.9195936684298228,0.9141940467684992,0.9584540889928282,0
0.1702130244155848,0.5155643124522713,4.3686920113941285,4.396216811455003,3.687198998224354,-1.0358478780377252,-0.7207499827060118,-0.11897993647967553,-0.10748994612510578,-0.22457511923854098,-0.6323231277132841,0.8963390095270319,0.9399050826107223,0.9307484061783121,1
0.09617119728978224,0.449562751381317,4.23544007690347,3.84929177926579,4.180278914946865,-0.7249840287680391,-0.02900746009339139,-0.28375785629231265,-0.11663259683954094,0.3964155257435075,-0.4225022093959371,0.9222779188354919,0.9006515466769168,0.921431683829643,0
0.11463754442363408,0.19911965548151148,4.3625327697557115,4.561129726439979,4.612837412803658,-0.3235242294929481,-0.47532018451042823,-0.4494329462174713,-0.13985949882624452,0.05778956526392609,-0.15600768637218618,0.9243042928341555,0.9440808792768636,0.9173769021786747,1
0.18397220910058534,0.059535350590548784,4.097953498923618,4.7556925546757585,4.6553434939881235,-0.602222351317308,0.29437334405663806,0.7092858629422256,-0.3785227469297538,0.029155340165084566,0.025432180307076648,0.8918853369551204,0.9416109720710215,0.9177358252856328,0
0.22419914607140107,0.6136045528277598,4.295296607761706,4.030717336929615,4.417212314033325,12.851036307205973,-0.23029575219765874,-0.5890704499184993,3.009893423008598,-0.5265214191163818,0.08493929645754435,0.9513243549274368,0.9309687325799806,0.93820777876427,1
0.02251466762922185,0.2924814800713406,4.09888025912439,4.124916665828735,4.151023578159943,-0.9671367817921892,-0.4237389578745536,-0.6845170886324596,-0.06976668208586786,0.30009793198812845,-0.08602932373332446,0.9276667253538766,0.9118942428189242,0.9529597026058618,0
0.26013903136417543,0.2562146470679706,5.0357031779523425,5.100702664921561,5.047867131195588,-0.49780245093317665,-0.4713331863913024,1.4209383121364612,0.08655910676928669,0.11265477102312478,-0.27290184299531595,0.9092197681932124,0.9358010453816429,0.931057213969153,1
0.44773801711825567,0.09865396183387187,5.0096762810978985,5.235934120297642,5.014908762535544,-1.0274472097232983,-0.5128075101814931,1.0632962268677817,-0.05987970321984995,-0.01900872896063765,-0.8191337683615092,0.9221124668108643,0.935171044715973,0.9521480034872118,0
0.9688670308979064,0.9882760877279784,4.767510400573793,4.950826525917195,4.712494258800874,30.958006515333686,12.418354880855476,35.681494217919585,0.14649402412102266,2.9528109711220765,5.913203053081011,0.014666733474967924,0.9493086896588864,0.5968280442501344,1
0.3552129151935042,0.16313063443715584,4.349475514660522,4.787869183318717,4.393389973724754,-0.45140818728667664,-0.2739978535269123,-0.07593372175406721,0.21870182013775993,0.3863537032447699,-0.1982009427933544,0.8994073698400423,0.9704751793154996,0.9445341802893908,0
0.96837172401309,0.9865101868157727,4.5066847276727175,4.385316215907834,4.536937330287272,20.170384468788114,3.3782180445472223,-0.21965195841489216,4.575975900472781,1.2180363714128417,0.18908837828538494,0.4256211962376504,0.931698448011198,0.9207580332118869,1
0.29433079225945213,0.08828217051189567,4.186172064716834,4.779674353817038,4.498400372844372,-0.5080151845091536,0.20795719368156496,-0.7926663279016681,-0.01674777483850628,0.3209061348788863,0.22188894212750374,0.95306135629506,0.9582753584821566,0.9532667446015874,0
0.9966750914382726,0.9930387419551302,4.6514638955732215,4.959456988090748,4.862416382812356,24.151831592066824,30.115269129073887,50.990685780811376,4.979501216003393,5.490332556361489,6.97135821106799,0.017053690666768814,0.016555801197546526,0.0150800816019963,1
0.25380008751421523,0.17005146520768905,4.521464921634784,4.911943461129086,4.5856826685869185,-0.6988836783078063,-0.5302534201932074,-0.7301370320075491,0.2445188362880826,0.009665662956277429,0.21032518066144654,0.9231372885704804,0.9193687862472748,0.9183227605387607,0
0.8376296896269525,0.9433292824165784,4.649764905205268,4.704556011317738,4.782726227207736,38.937010553787665,-0.5194663215952042,-0.9651467087907437,-5.385006284086898,0.2130796922830509,-0.13338932414999247,0.560229767490087,0.9630341583969103,0.9612997913944554,1
0.04562565655208797,0.4496526146693458,4.584765418236049,4.607951038711221,4.511917209110364,0.5081511316954286,-0.31757009786600854,0.4848260676690259,0.15341022740218796,0.4832545513052713,0.6087635422879885,0.9409806705053505,0.9430573795233439,0.9264962529040411,0
0.9961294054914377,0.9902667897131954,4.715456606864903,4.638864309658102,4.594659238105682,20.168346828056933,19.35042689468879,17.588670412393846,4.563689499295046,4.115537042838597,-4.0980533160849335,0.02225764486816079,0.8708348093595641,0.8647934641594327,1
0.16491600422216193,0.38084132686183897,4.711141375778128,4.345997518447851,4.737950012649659,-0.7318130778120144,-0.41347035043152314,-0.10647663584608491,0.24773058174810883,-0.4340753168450472,0.19262741592550298,0.9465569183054969,0.9216207655778667,0.9363598055003041,0
0.133047224972918,0.3313214224109366,4.5057674773218475,4.419973574935834,4.391545963173114,-0.5700013515776776,-0.5652360052703074,-0.4034438585261051,-0.16223052684154132,-0.273901132918791,-0.3721339773182444,0.9418108146831198,0.8957715667864418,0.9307035903491795,1
0.06043914197243758,0.26398270999521917,4.133135443829337,4.28177977149572,4.300875196544564,-0.6592313766596138,-0.8227850137318762,-0.22627323682616396,-0.1553227425409797,0.1475034388810774,-0.4967535300522817,0.8769639293146536,0.9323925206008326,0.9605216843359661,0
0.9666985914106693,0.9837854667050442,4.688647969993375,4.3964733934735465,4.627963714110934,23.324943163392856,8.912638799431823,0.04299642959212324,-4.894542337555218,-2.1193349479644805,0.3784687168792122,0.32436776517548654,0.9550201422824158,0.9539925667625063,1
0.09590157305965744,0.5263666267893121,4.682062605532986,4.535528952407508,4.537944105964805,-0.23540868121040548,-0.10921099770263476,-0.045763437225074366,0.20208001532451986,0.3994343699070485,-0.19552969221035596,0.961768954201121,0.9451200169089583,0.9628937560800312,0
0.8684656055122962,0.9523825531613583,4.010559641346217,3.953563978687873,4.064055843404513,32.08656569324449,-0.4709947344160521,-0.5565322574829406,3.1256059923533996,0.20069479690409825,0.20010615513610291,0.5867711130714033,0.8645999532666736,0.9334499135236313,1
0.09747104413438634,0.17707994460950585,3.9956344272004634,4.401795400237858,4.35031274953463,-0.2700280953780019,-0.20831299509309398,-0.597598878375925,-0.4075770074896506,0.08023744072194539,0.12975203255285064,0.9015038594916617,0.9560526767879046,0.9432923412618658,0
0.24939952569312476,0.5271102591986112,4.92126613799306,4.7554819576643315,4.75830879539458,-0.7041971809135181,-0.26965767641718985,-0.6100549949634786,-0.03092714700068486,-0.29371155524247455,-0.13783545255071072,0.9411258449264559,0.9232057258728087,0.93728279298654,1
0.19866058353189883,0.42232008560560136,4.785688575271769,4.7150209741930285,4.844102697780597,-0.7148928683990916,-0.7041397567269452,-0.8298308415056024,0.14207637324485026,0.18264431002754106,-0.005381863576877096,0.9619267389867076,0.895946748597672,0.9361246379555662,0
0.999286748045499,0.996841584943383,3.806824458044252,4.187791039608023,4.022241976910468,39.88098439892436,46.56090498269704,76.0414811965451,6.242893015266367,6.653832992591309,8.41145260707053,0.016011299768269,0.4776579169145428,0.09622586740018974,1
0.13231240494514157,0.1129720278415035,3.4295014722235915,4.017145005806606,4.0423996724938664,0.5348559156415194,-0.2861802093015835,-0.252588250900434,0.17904007833623106,0.20916814818785545,0.27149293695643956,0.9452083347294984,0.9566982859569132,0.9330624505117109,0
0.9692660209128856,0.9875954436269393,4.168630609852259,4.511346066104705,4.573373695159988,21.570025724365152,4.268966480494195,26.833299746390853,4.073876312161352,1.4650855182138653,4.626979063981712,0.016153158399668053,0.9070841498866041,0.9030867487981212,1
0.3374276959126369,0.6398077648838121,4.590690114364115,4.28941846876158,4.187389437405796,-1.4191759249582927,-0.6367640084438233,-1.049273024296042,-0.00569426666022543,0.40220147448553156,-0.09187277458769215,0.9270916497633808,0.9348420307345462,0.9628530857297535,0
0.9620548201978265,0.9859518613040137,4.4581089301765,4.604061930446417,4.551235906570345,26.875984286224764,12.178797924043455,30.07975096337345,0.8846844378914306,3.034143717148166,5.338201310898855,0.017335360909110534,0.9161165402220305,0.7950412968230902,1
0.13391057369091025,0.1525475702968621,3.9331711654733046,4.442948598399578,4.183265783630642,-0.9133095048782414,-0.4295961847730916,-0.13230573836991777,0.213150566944051,0.12976432866854556,0.1627483719596472,0.9379172421804925,0.9435473564797918,0.9399530419632517,0
0.05131248703021687,0.30593313959637425,4.883075287895371,4.912635675819507,4.894457501121531,-0.15684741275982272,-0.1248885486375566,-0.6516602134065059,-0.0371591164495179,0.5616505605135852,0.35727106914670775,0.928726731091974,0.9302845707343695,0.9415405223847706,1
0.32056932180510667,0.04707823977536566,4.249392545841336,4.948992025215458,4.81603070321299,-0.8429206452696749,-0.14133349050242483,-0.24710541654324913,0.04783188817335501,-0.2534521264444192,0.13638857353412182,0.9679860682784608,0.9422460853216593,0.9649661577241899,0
0.9885131631826323,0.9932396025224823,4.653935116108358,4.341592762034409,4.448125584980203,32.06923617536789,14.51053199714088,20.14888965365231,4.055524542737641,-1.3044460562624778,-1.26877022049659,0.020445652540610367,0.8725224533877266,0.8815799038111083,1
0.05853623801617831,0.26599205947727994,4.298876083838518,4.44827060516389,4.44792449781868,-0.574495692233647,-0.586109372933417,-0.9239361261837367,-0.562612752357411,0.10285058046731174,-0.2808778947180568,0.8883470009885343,0.9528899272273564,0.945980471054954,0
0.38402140167526283,0.7379863262671539,4.486873139434526,4.735033649592744,4.6781830071180845,35.9205622548756,-0.11395034056043496,-0.37830488387344285,-4.433771501213431,-0.19117041617804215,0.1016248246132999,0.802911399849912,0.9285637092710772,0.967169144147821,1
0.10885612975128277,0.17035220372461093,4.275734003682891,4.400176425346668,4.629227071807012,-0.08635105723664216,-0.09161854165115146,-0.7832053564641717,0.011609811389069158,-0.5686603198839705,0.09151004955564945,0.9574078078682612,0.9304109031785025,0.9543894542269907,0
0.8368715046916547,0.9414098687948464,4.599957296371067,4.834554985256176,4.723740961693249,70.88606881298068,0.003005801380056461,0.1088084008943273,7.4954636543629904,-0.29660739669429564,-0.2056077625953802,0.5130127403575486,0.9643114160758264,0.9192181293386508,1
0.1995310951947126,0.16914040869120142,4.668981401938873,4.932512840885436,4.706390512019476,-0.5047300770958159,-0.21295455084577064,-0.7154542210840917,0.044923703327167455,0.05740337081470657,0.43421835843636764,0.9482718834867752,0.9470617838724786,0.9356865838904335,0
0.8998138273504704,0.9398845639477658,3.19776672341097,3.9076794577247855,3.7184333346392173,20.121969847638137,21.201693578231765,21.969206538583766,-3.608665925445033,4.684298508912032,-4.752688117463996,0.016038211785001855,0.020218681434106486,0.017910277415313074,1
0.11201415024313376,0.12508648015606216,2.951179834098913,3.4972624194011557,3.5888097181590184,-0.16215587967347922,-0.7172718084624536,-0.7164408573382643,0.40237015375250007,0.44768790567447636,0.08187966534785683,0.9495984982102391,0.9600081217134648,0.9446756656158785,0
0.9893848019326461,0.9951273111164495,4.393825606396629,4.687384612297297,4.219968240371801,75.76882126966511,15.313142563131002,26.43065507376678,7.63142901847513,2.032802602809388,-5.031334908346411,0.016247843573567834,0.9275361714521253,0.77661752299326,1
0.05306610768532727,0.1978254825824596,4.133987490167447,4.400813145180066,4.3955245967645835,-0.6264909917463797,-0.7951347781314748,-0.08000963000288053,-0.4346227044430437,0.10224392652433142,0.4172531465370595,0.9586456075274286,0.916830096733633,0.9325231495792506,0
0.8300711283468358,0.9380717409291472,3.177016548716748,3.615219248379224,3.4561300709156564,23.694304393021074,0.049705627322527146,-0.04659550668876644,-4.9028471348192175,0.11252629500054262,0.4519785829435525,0.5179195413662107,0.9100686315049134,0.9520389675361578,1
0.15411421375377535,0.20894528038125829,3.5643159418126205,3.9807086409338908,3.65697762001625,-0.09159455757827262,-0.5870671147551083,-0.6117302653701713,-0.2539486700016252,0.26824040309551256,0.059576017001852215,0.8667916488717047,0.9135998902407415,0.944561503748258,0
