0.37836348687475385,0.7151466040114902,4.925235261734627,4.92126613799306,4.987182875313147,3.112017578237568,2.461800390731667,4.751134293948459,-0.09231321927721965,-0.716596251181209,-0.12091232411813699,0.04810434929410333,0.029599869161620232,0.032294196652290594,0.4409647069396724,0.9378048364212325,0.865002235787503,1
0.18998936905380864,0.18582557421058343,4.46849387757503,4.851951419937066,4.566788330699596,-0.05444163398276869,-0.5412281344828451,-0.815356802993191,0.35827931834076654,-0.09045881002000943,-0.2802794107794721,0.0117483400760737,0.01797678739504716,0.011634698935917398,0.930357866831712,0.9494777755691824,0.9270558791976248,0
0.06904886432216685,0.26630243354664423,4.509782586070535,4.567850601234151,4.691610318057409,-0.9025232220930612,0.16571142346991952,-0.5843505605583332,0.09829000532544731,-0.3683160281859894,0.37503437143297574,0.01685279652588354,0.024520397544803473,0.024306639334313106,0.946271047001271,0.9252934573308625,0.9321122192255867,1
0.10465686526559809,0.3698811546347404,4.847290081505079,4.644532423767623,4.847290081505079,-0.7296652290803491,-0.34588083239078404,-0.524198786457128,0.15835587542712073,-0.28377443783583817,0.09450827134746151,0.01385255433563003,0.008641235810473479,0.024559495323582873,0.9098957192656818,0.9339772985557147,0.9515296616501753,0
0.058028817866369646,0.3938047054791485,4.599175556353981,4.543176587402451,4.436452759265854,-0.19363541505318205,-0.8511017156591625,-0.35815957938959686,-0.1663283818041831,0.03850310617705042,0.1448433413651641,0.0275656058375997,0.03110796383449007,0.019870038498613248,0.9599225623937824,0.9686155028153631,0.9542468999046608,1
0.06974551343519453,0.44213375806290894,4.5971859534978385,4.541913229706374,4.362411698070952,-0.13019253770355066,-0.9330744271866105,-0.22138943344251505,-0.031217608182040488,-0.003415127590411683,0.04246217675841074,0.0116288342870268,0.02363546737154623,0.020378671015115625,0.9110113936564159,0.9363086793051301,0.9670743254147071,0
0.41165660317289515,0.7464479493850357,5.025238215077051,5.076374758435071,5.093771193115961,3.9551769544449193,6.311039415992806,2.8220579897698297,-0.4471653058406266,-0.9778951889970643,-0.49807245375678505,0.08025942422393574,0.06191889576445855,0.07609214997829354,0.30022315843723335,0.26042640345604007,0.19794832904829368,1
0.140266958028881,0.1969267442294472,4.187210386752465,4.5297492764631295,4.2473474481281706,-0.24507251915138317,-0.42335499241741115,1.4396011921993965,0.14193442202141912,-0.2797890261547733,0.842551760650265,0.00819981528404064,0.02170119859222174,0.016396426437492687,0.9410791449665596,0.9604334154398043,0.9443205953243283,0
0.22522584353504194,0.568334234741725,4.829893646824189,4.611349019447129,4.77910321081138,2.164325039947083,0.8184804004976525,-0.4543498336424383,0.07599800611626348,-0.7378371375315785,0.07123251469518897,0.016031330151665454,0.022517116087719936,-0.0044303987259254884,0.8996780735459443,0.9477934669066277,0.9472609455282381,1
0.25653298728843565,0.15536306225443336,4.67613790940492,4.943548946766386,4.679881997486039,-0.04994368660000115,-0.43674614235558584,-0.7678786550936931,0.2863924176836795,-0.02168195300833457,0.000738202282343055,0.01231896536690848,0.030692365115746516,0.013398845213696537,0.9649991225198491,0.9362097157650165,0.9523954171421791,0
0.35617328493948613,0.7182208755145285,4.327473236404665,3.9465984764126283,3.948813114929221,3.1361160714579484,2.174577526139097,3.470265085965492,0.3654880578002348,-0.017853302476146582,0.5801065337754142,0.03483917211231435,0.04576504499392403,0.03646666698886039,0.8876064997329313,0.9345515023711874,0.9291735642217133,1
0.07827913404080213,0.23889064985288513,3.4819163492189906,3.6008001725322076,3.7768792028119784,0.027192753668311642,0.29317545673388334,-0.03997081074960107,-0.2771239819007726,-0.1258188930759172,0.40978914396134225,0.010513975207967026,0.03404370268484707,0.025159990339350846,0.9463568180013499,0.9309362198863218,0.949888814933808,0
0.518069353726071,0.8005572818283805,5.1267295617760045,5.093771193115961,5.08422348059154,5.321333135873928,2.5953383431443333,7.03337545651196,0.3503831667944429,0.5247203700670429,-0.9153680214974165,0.1009658024723369,0.10184872849543283,0.09513828915760945,0.2455472297916169,0.2059508414441094,0.29482750971188804,1
0.07872386054051583,0.2370822227286534,4.5365912229420635,4.60320017495257,4.742836386742093,-0.7351620416174316,-0.6839986897077099,-0.7109216475372349,-0.24060032846391663,0.12080837619436792,0.24050681679571415,0.007187118386863878,0.011981971640335957,0.012253453319234109,0.9426612365957129,0.9472176283984085,0.9645959791157417,0
0.43453489306977144,0.7563950049082258,4.195242889055545,4.005217357026503,3.8253289998243134,5.370397310474848,1.0703472563257073,2.9146229707156692,-0.4568974347796962,0.1674152320467073,-0.9039178973017653,0.03209795270647312,0.023461127639713187,0.04573634638822164,0.7828355106090148,0.896983990802459,0.9192761833042414,1
0.323246976828469,0.07376232749721462,3.022223657516215,3.934112364323098,3.674405601055235,-0.6389104122340123,-0.6316317292003095,-0.7007382719231461,-0.26149431436455184,0.36607242176396176,0.14914126209740927,0.007657254728159499,0.009614216295400144,0.021310253250867852,0.9567824078741618,0.9521537538910851,0.9454196595395112,0
0.01173945601815406,0.3142352404027366,4.333172896872282,4.440332357680757,4.376049606021701,0.18614690112754229,-0.655098585746984,0.47952371644951297,0.21796551026284855,0.08304901337438429,-0.06697706188663677,0.01827900284215029,0.008972667392931436,0.013589211872645855,0.9207379153651629,0.9513027957082412,0.923196441657555,1
0.020689000158779405,0.249214768173484,4.222213853125673,4.4090729793886645,4.327908869076541,-0.3207690756384505,0.2021825690333583,-0.22772273079759886,-0.44562592629933495,0.24943373944730735,0.1393863359497649,0.012072519072912642,0.021902320259495827,-0.000692974604093092,0.9417316519453189,0.9416281324453833,0.9194114433045846,0
0.3964073103264246,0.7400577587237407,5.024456475059967,5.14490773647398,5.063429065174741,4.895840416567905,7.7351941726725215,2.7384468034285634,-0.03611640520113604,-1.0333652748915687,-0.41764753956498013,0.09219160295070576,0.07201190926974878,0.08150429689794572,0.24117598013259542,0.2605005761345007,0.1622682047374673,1
0.09981217179659868,0.29556563910181993,4.704209903972527,4.737950012649659,4.695008298793315,-0.5403378418515188,0.3520045036787307,-0.7658209347582248,-0.2576287360701808,-0.13490807728815515,-0.12190779820127098,0.009731955635816488,0.005134431156356855,0.0017516030030719425,0.9682773318920062,0.9571382595053337,0.9411831289248513,0
0.19761360979001058,0.5123907108725332,4.400711415146754,4.6834400091754755,4.576771675895895,1.690211551325139,5.9317430685909525,3.468596827718824,0.12184034860460344,-0.8193347158464661,0.14091518203083295,0.11718052813881305,0.1068371550481123,0.11854037449772202,0.22276851321671934,0.25485233886456676,0.2619412580755306,1
0.043664327661932234,0.27147331856111334,3.3824851110030436,3.5647833201484294,3.3812111849073023,-0.5696897040445554,-0.21832336014437104,0.3872511833342638,0.4078623333081414,-0.6075018526163195,-0.25185256900421,0.013170540243163194,0.009492736472223045,0.019543099761905488,0.9542128553146145,0.9729783167448827,0.9376199062073113,0
0.583071750648177,0.831609072773757,4.7164633825424405,4.682793580186335,4.82261606767338,4.695783484123358,2.255290745583082,5.66760159241081,0.6804637139231324,-0.4119347227628839,-0.4849454509671011,0.0933152485610847,0.07931916408969061,0.08511022302441133,0.21533686220637505,0.21640552358773343,0.24210912372979382,1
0.22829995237993778,0.21173464810054418,4.118701929333299,4.509436478725325,3.909930050141112,-0.6560981881720891,-0.963688655936688,1.352776744404733,-0.01172682224811453,0.19280699643940183,-0.8423247329303228,0.022086382987803996,0.0300602536452444,0.015384203330018493,0.9158056776251368,0.9147391983617836,0.9225749235994767,0
0.3095363101884911,0.6954304938104423,4.901824605599005,5.021494126995934,4.770417253780806,5.803231888074032,7.651540953238307,5.937553361044538,-0.38356341199114885,-0.290285307839767,-0.3070587143009087,0.10685065921984231,0.05824476363963654,0.10259577564727103,0.2829116606191361,0.3018491421181502,0.16563188425308692,1
0.07502267248627763,0.2738823116133565,4.325324174715815,4.336965454072067,4.547000690960335,-0.6423375340098398,0.1430058070037461,-0.030688457827037663,-0.03780015589435775,-0.25015675610823823,0.145669957645453,0.01340110929388758,0.0326934305348791,0.016343225393080228,0.9154437328522155,0.9579443483433883,0.9474475469359378,0
0.5690206000616219,0.8262974624318052,5.028771706146744,4.914770298859336,4.988535758335891,5.6872181721221065,5.023231073278636,6.444475346425454,-0.008252040949129444,1.073093454649947,0.5191648299440794,0.07449945005259136,0.07037325873410794,0.07384673563161295,0.23814731290511662,0.2782521654285617,0.2239435595563748,1
0.09880741592164682,0.2704837561511989,4.661703822788064,4.710795268432917,4.591817961726409,-0.5304179854147342,-0.5624414731998657,-0.2503096335760375,-0.1580298550060345,-0.07376841955562331,-0.07709390735583532,0.004894674630989761,0.018949445566736577,0.005999867718918911,0.9382466636466571,0.9426622619407253,0.8840859763376485,0
0.5016800551119414,0.7837831380685016,4.705473261668609,4.608691722520311,4.557073561483296,2.977201577840999,4.62918467245101,4.504522220873755,0.1920405231378469,-0.20098854953942039,0.0802395475636092,0.136191111399715,0.09701923356020359,0.11251871245247994,0.2241559814168745,0.20556256072197762,0.22256270903702097,1
0.07176297657691769,0.40332235971131175,3.411339617014393,3.2230806067621085,3.5136862733514556,-0.4914328069270386,1.049220219314341,-0.7504015300776978,0.5057401887629613,0.3674851149644015,0.15494109465536715,0.021014539460490575,0.0034884586053735536,0.016693268503461502,0.935887819350864,0.9566518588393319,0.9690978456127614,0
0.25394214811147103,0.6553311345418262,4.166069863990455,4.04768822090935,4.0191340365419315,3.994060537012648,1.1569716074014167,0.33464111890567727,0.48049892921140464,0.23689792007457966,0.14520270471169597,0.041366252325531275,0.025725542871575656,0.029841550310751634,0.8148995309581392,0.9559144122085841,0.923136423883095,1
0.2015635793751891,0.11857061313986843,3.266387268517917,3.7771112527714235,3.9714849992464862,1.0351703527298275,0.03500929071020131,-0.18286308750025526,-0.8089155310051471,-0.7038950788359504,-0.42449888054784907,0.01155795423608078,0.01027445936561521,0.02729279331694878,0.9173852216236119,0.887617845175471,0.9379050074608464,0
0.12076250798865681,0.2976818978838751,4.670905427967276,4.734552031913751,4.742255733886532,-0.8784700450796072,-0.5181894743471522,-0.5309240823776196,0.4306852773136387,-0.15837117638360299,0.007018551303846574,0.01187785944544284,0.007659199004782767,0.020270446906412515,0.9573395134069588,0.9357700265548025,0.8785680899345899,1
0.2005912507816562,0.5168733062490188,4.76489415985497,4.585022000254595,4.534410614895115,-1.0291784580939267,-0.5011892402161546,0.8094694071793773,-0.09156932191784792,-0.10688498856733843,0.3248870767464685,0.006152570337281234,0.006761706144289847,0.0003305825320157409,0.9432027835865435,0.9398525218919294,0.9436036533672295,0
0.5697622264516654,0.8315131315713836,4.973319931701948,4.7922184448751395,4.8805390626533125,3.9778533212559806,4.478443964489029,4.4879062187034995,-0.5316024474150877,-0.0017622311098742442,0.7336592869551823,0.07808318424941917,0.07620252343945039,0.06970386935355981,0.2751438618262513,0.23047294790713108,0.23980433418092245,1
0.3995360113961092,0.16009692924907581,4.2252704560096515,4.171302345428101,4.733634781562882,-0.30049296934285374,-0.21357289937859436,-0.3014318264522937,-0.5312592732233168,-0.19756922364257637,-0.08144741188321623,0.010153912063828076,0.022064981962505188,0.009527446273574216,0.9258294370534808,0.9395777386903897,0.9436225148774945,0
0.5347033286532186,0.813891186519984,4.273303302063474,4.197844691125345,4.279258357717663,5.404128851523261,3.9323495333127427,6.831984380068574,-0.3020160993130006,-0.5633823456412729,-0.011637962254646908,0.06662991566765583,0.0387792669740835,0.050416252487584176,0.3146643098861439,0.25798911027161464,0.48324145757949927,1
0.11091653972380672,0.5266464344406843,3.90470229819675,3.686087936619487,3.4338969180929695,-0.598426354442037,0.1861024630119794,-0.005946809501083283,0.32825861745089774,-0.48387908254884565,0.04811906157043413,0.008416085852716193,0.014170699908321104,0.014424709090612893,0.9178076802884191,0.9550709817976824,0.9462324245205301,0
0.40295307626349913,0.7454064812003847,4.848642964527825,5.044904783131555,4.94524793713434,5.589760941256639,7.380228632119376,4.483956456836137,-0.9903844774663587,-1.2519292540850813,-0.7974068119818988,0.07848279494091995,0.058855693860161554,0.06917799899452616,0.23680557552721015,0.2530820154779456,0.23320147788812542,1
0.2780299645366368,0.16121948532661673,3.9490839362909496,4.134778939340272,4.405072309289005,-0.7286173911597089,-0.8967904196216323,-0.7327010949750736,-0.027078917249257824,-0.0919617892340478,-0.00765271479158263,0.013203422826035592,0.02177262736442395,0.012546971686800572,0.9281338107844833,0.9335399995659948,0.9718981637407559,0
0.17826382426927695,0.5586047255684757,4.292324749847774,4.2247985474864,4.261636514561344,1.2446724296494915,-0.6298288112270325,1.671643056722952,0.027344596401554174,-0.03823840116469368,-0.15925226576468202,0.03196902310937882,0.031733095556273586,0.026688898595652218,0.8527783721921455,0.9417153618354513,0.9284182211893454,1
0.15870633109827523,0.1258637839346922,3.605264953990114,3.965718422081216,4.212900686111602,-0.08932969321839046,0.2990049643383266,-0.045506895935172764,-0.020896191725339668,-0.2535167543383073,0.2562345921653516,0.003009406651751661,0.009972469788745011,0.027210895638716974,0.9392677286505197,0.905141218246595,0.9517679465504725,0
0.1641335384559226,0.5775266816468784,4.128506223876264,4.29820346096872,3.9662095496101117,7.542007198185738,1.4431655733304822,1.1827706902889226,-0.6735111855809325,-0.062021740612164186,-0.33060578252933054,0.03442445482526505,0.02694286439651835,0.03600379165850194,0.7541812082741013,0.8883672815370128,0.9526449775292263,1
0.22780744968197483,0.19848946094075026,3.822137607169869,4.193940771396539,3.638399029948015,-0.2933780249657425,-0.9373720752351957,0.30300151080785476,-0.5314142294694466,0.030304404392489392,0.03925873416098386,0.013706427947022839,0.024473773267932448,0.01589007628591435,0.9523488486644158,0.9213827014926044,0.9285972734717751,0
0.05010535636232257,0.28465378279316317,3.9812147792326282,4.010358554184692,4.1817118134463716,0.5200255689990647,0.06634484400312335,-0.297920347296309,0.34450526782932794,-0.20956731265627454,0.3513869938172067,0.018267927671733696,0.017563934254467062,0.02224708266724323,0.9170145081837744,0.9385641852201004,0.9548381839194591,1
0.1673039909554533,0.15671120656212134,4.232768341327628,4.583412535213307,4.361728993230433,-0.29928290277711644,-0.8673721713502913,1.0496536331670958,0.19723966609239132,-0.227155509890869,-0.5312098188775408,-0.0006524207841851423,0.02811756385000123,0.014121059546793267,0.953403296393093,0.9510157375166061,0.9184173247352776,0
0.5829824707977548,0.8221991836571912,5.017525003254367,5.154455448998402,5.164003161522825,3.7430502254018787,6.380506642449927,3.39912653375458,0.15260817067629115,1.3273569339002071,0.9191645595112788,0.1237076264575014,0.10411879962548296,0.11357133263035833,0.19236210854619906,0.2497482014856724,0.16872608354567115,1
0.1464153562430853,0.19464022399587394,4.505757967471947,4.798198635860224,4.521811028979995,-0.789362570222834,-0.3063670579949136,-1.017880462716368,-0.1584453062246642,-0.372553284184965,0.06284552449714297,0.005178248181062514,0.015324869012474148,0.020123678221738422,0.9422573316732955,0.9489498065220889,0.9204303392255834,0
0.3309197130547694,0.7116287485834557,5.111603260468728,5.184797576939623,5.184797576939623,7.085590613437795,7.118712255917595,5.364760726307388,-0.019047428723385634,-0.9987927625856302,-0.41855673913705105,0.09329320506045727,0.052620979897061756,0.07573638571832414,0.2838445343941097,0.25356707463962563,0.22424919598344364,1
0.05302467647759294,0.4619753477030074,4.709442385410172,4.755346447330549,4.891495153057498,4.0794188088264915,-0.10942982261048062,-0.47225412172652304,-0.19094601730341967,-0.27290736906170154,-0.43049398872539074,0.016497230171261045,0.026500989082164417,0.008695728617503319,0.9045434857478885,0.9123995593791995,0.9793772377553908,0
0.8383177384961551,0.9366841233805864,5.1267295617760045,5.1821813362208,5.212523464162021,6.569553551888724,6.602541982676252,7.011211274810455,0.6199639865255708,1.6909624257165832,0.7268409722093391,0.08583674036470577,0.0633543494948766,0.054789444557706304,0.2759851457547918,0.1964685191543702,0.26787742269292397,1
0.18887838802119442,0.5499070188789864,5.003662059643169,4.875015968727476,4.727620560108148,-0.503786380257687,-0.20097340679172593,-0.761134823692712,0.0008373514202816084,-0.5005594548830968,-0.03637066711659386,0.007172048645492115,0.0035217311404166346,0.012637390050672987,0.9274976247715186,0.8820666743205972,0.921287336574645,0
0.6018128799182331,0.8257225038005491,5.009676281097899,4.972973824356739,5.005361050011122,4.1002465643222985,3.985478732982907,6.273163084182967,0.21522401310193132,0.38745707243440825,-0.19721840263428098,0.07283242842308565,0.07593493318199208,0.06456640896044286,0.17834580720228277,0.17475002028299752,0.29995403893298084,1
0.17046691470797376,0.29053415314268805,4.474779691818146,4.6566068516842,4.489077695980401,-0.63895385589543,-0.5475633794360739,0.20956790066507613,-0.1546155753873961,-0.23710287488876863,0.08949108334691959,0.0037381491266695764,0.006466572266772345,0.0067267396396263794,0.9495305949284919,0.9582536520125047,0.946712103339903,0
0.41343863325311,0.7177308348834026,4.669005922558617,4.818075800926154,4.728136208256791,6.055854276280725,4.8829328268205,5.277187437500983,0.547906031173856,-0.060033959922276996,0.08947730051241923,0.15028943585273916,0.10419467230488501,0.11599090583342352,0.26843491564054395,0.2637200751455006,0.22683366996239715,1
0.05046617946451783,0.24535671459895814,3.7396759093861824,3.8753764557829657,3.875584767988679,-0.44165984119933155,0.30230291432068723,-0.8896514340482233,0.16792712814835942,-0.31704807094353954,0.4116499425430906,0.002383523401440464,0.014924106562047951,0.04127221806605065,0.961543330444288,0.9235999197635915,0.9289691775264639,0
0.18691428512121566,0.5560770474823117,3.89644246398815,3.846598007181754,3.3792736052704946,2.5296420214475592,0.8727829310594317,0.3500031162255066,0.564519508941865,0.24527793781555624,0.29193539095502985,0.022393114943253405,0.0316102908069926,0.03414798248979384,0.8718681429630133,0.9501803740052307,0.9458216647535382,1
0.2632667639299617,0.09568909372358636,3.1674181070236767,3.9141652657511257,3.673807641184764,-0.014807580889803607,-0.3922958663669389,-0.3635795766754959,0.30285366543962283,0.231430418605083,0.08258858166839686,0.017581093580202968,0.018918668775630247,0.01827149767624707,0.9452194048874824,0.9208663408279463,0.9669245537771061,0
0.17882040890351453,0.6044220111590812,4.7922739397321585,4.374261090327082,4.570812949298186,0.46937358013835784,1.7578333257474297,0.1617637672086336,-0.21865715470201497,0.4305240998707934,-0.10208372614665519,0.020593701255333496,0.03242355110053739,0.01217232718503573,0.9454588255701701,0.901123711109044,0.9472718803137932,1
0.0701706564079708,0.23854088190502074,4.022377487244253,4.306879908149391,4.105891746406752,0.2218659379279937,-0.431973848340784,-0.45300979293180177,-0.44625134276859857,-0.13766215488375505,-0.36098828213975853,-0.0015565206716349753,0.015220479319866467,0.013303929522521529,0.8907836677993762,0.9597112342614575,0.960085386172629,0
0.774608155741874,0.9041372219165178,4.8229621750185885,5.007977290729945,4.827703528927339,2.246397517109574,4.425229025688582,3.3841266543949677,0.17985361494586363,0.6495716239828531,0.5347635876742108,0.08244030529395097,0.06064137336903054,0.04934234726697886,0.23509997850553538,0.32124926935144205,0.19928943504728047,1
0.035094411960602874,0.38070713424012437,4.186799274700333,4.169145685880078,4.244852279094109,-0.6795473871367119,-0.3422633486954534,-0.27000374501552526,-0.05628544767367829,0.44664555897661473,0.2866578844694295,0.01127037105703716,0.0013870316193339758,0.014977503181400231,0.9322311551176922,0.9357572090988053,0.9098378119976869,0
0.3519647452742499,0.7039332883462422,5.097740316857529,5.002744809292299,5.089455962029184,5.4959210326642545,6.937415625460968,4.049330767082571,0.5447343983167524,-0.7575267307947229,-0.08574076902087292,0.0843405795276613,0.04636010478313712,0.06710112722296474,0.22081032162660147,0.2211196126195031,0.2260327029786192,1
0.1336770786652742,0.44188959982085135,4.734552031913747,4.650747732383878,4.306318274993635,-0.9927712582749821,0.316797127237062,0.24876828736301615,-0.08621084442141179,0.2649597716889223,0.2964538574230532,0.008877807631528492,0.013912292351400101,0.018254874881945115,0.9536639296982804,0.9607518059147542,0.9086987513004569,0
0.5577566784128902,0.8041920487379349,4.556035239447667,4.761585704445729,4.725318880376443,7.333475381359056,3.642075507018993,6.550494596850619,1.281961697424655,-0.8482765060481063,-1.565939245084625,0.10140359598891206,0.05928493514096827,0.05283021353241195,0.2582813196789346,0.2415741548660901,0.32090911621552903,1
0.21184964143547863,0.41405406159780733,4.046448811712197,3.7259122002573895,3.982117590934474,-0.1820242755045136,-0.6710884752232458,-0.4185249531512971,-0.47507112150125214,-0.12610137864107374,-0.23083330755894005,0.007608188184580506,0.013118412440880817,0.022307713228957186,0.953323493632741,0.9362776604545276,0.9219925040929133,0
0.58084393657868,0.8304550831557972,5.06434631552561,5.0712777873312085,5.075593018417985,3.6181512768451842,3.1961385230105304,4.930317464410698,0.316081106789355,-0.024100660603580484,-0.2743070472851287,0.1009190874888486,0.07329372176550387,0.0696966852460588,0.24903431491114808,0.2451315921383741,0.25557648624635754,1
0.11908349179882172,0.5080980431143677,4.612266269797999,4.318787279374093,4.486437506762652,-0.00891789563006018,-0.6463331271749864,-0.9049945487794036,0.20424222018169363,0.22421174993169185,-0.27333646582599375,0.014442356009232432,0.02024794413631131,0.007961947577340315,0.9573768426067161,0.9340333424293995,0.9417287857567018,0
0.42624830817484155,0.7507449999409386,4.8602357747654095,4.893540250770663,4.696707289161269,5.764059475867059,1.529432239973083,2.9817130325868515,0.46179428001886086,-0.004834597622726396,0.1421441711506985,0.036406613113288515,0.03672477679145079,0.03286989613583225,0.7839129571811235,0.9090811890998755,0.8753664069361168,1
0.16543430813493237,0.29462959083707657,4.131436453461386,4.245939070248406,4.372024415302295,-0.6200286336330905,-0.3296672572700756,-0.9829662234760979,-0.1717578929696258,0.06911044732476261,0.1878916446927872,0.0034428153619223507,-0.0011922989572797271,0.01719190697920959,0.9283128398087251,0.9217937547069139,0.9637609088413093,0
0.44600978746706305,0.762162800217619,5.059113834087964,5.215139704880844,5.124113321057181,3.144109460080328,3.680891479203156,4.364835224230693,0.37237036690893976,0.042215770223183305,0.05449101275378166,0.08328942714777213,0.0620451532808462,0.06647296597186794,0.2637763312372483,0.211207061198554,0.20693679428448086,1
0.12028291839615594,0.1744220541314337,4.756609805026628,5.031387946865566,5.038319418671166,-0.5431763859246157,-0.8043009493659987,-0.6750079724495532,-0.36305296135509446,0.10256529823756719,0.2366880475690212,0.018096877219981846,0.014546034389868723,0.02439390017573999,0.9492891359138461,0.9689340471356056,0.9181366225102546,0
0.38683072964760756,0.7256661981489838,4.562126992267611,4.305841586113762,4.410271332377823,3.951981442171454,1.1127026243855251,3.394103764066121,-0.7159564713263142,0.5760355777245578,0.8712774958735212,0.039877915561647284,0.03792037246818829,0.036722636581363606,0.8484483536885734,0.8748512478043334,0.9361685772416113,1
0.32814766240145393,0.6182901046927671,4.6457957814637,4.2507359190141765,4.22278499613133,-0.3675881891522019,-0.5322476460765522,-0.5809162352326669,-0.34627528248570666,0.5072818492993908,0.13578480950191382,-0.0018652192838898047,0.011028035959803173,0.011583653966286998,0.9632723377461859,0.88158750460297,0.915421042719405,0
0.3165385657814214,0.6737405570842804,4.3501361829928475,4.291744096992212,4.364400728806275,6.075508578614784,4.841508125574923,3.773371311923504,0.7161822656715939,-1.3037543121384263,-0.05539269842168389,0.0636709431956585,0.03303225201771687,0.03374832052933542,0.41742910170596975,0.867287678402108,0.7580474781765566,1
0.22540777179594246,0.09992887985237282,3.087132992265252,3.879764488741673,3.561466464302383,0.07193676170715957,0.5489569773043068,-0.2879000289948741,0.21430333976324725,0.37930193944404295,-0.23971184123243144,0.028548528735799026,0.026339243766956774,0.01601973332856829,0.9442401659421573,0.9264400047534693,0.9606810043388787,0
0.49797745968516705,0.7791491290078592,5.170934633328424,5.21252346416202,5.14490773647398,2.168059650062127,2.548908306449536,3.673461458081163,0.1917921274449808,0.09404656065408577,0.15055108765365655,0.07969309082604892,0.0573263788581791,0.045271952707964476,0.14683187873351802,0.23320320454666368,0.25476925523774996,1
0.5480488465530754,0.11314196342190941,4.458936655200706,4.568286233906029,4.996730587837568,-0.5799053421476503,0.05617379242224452,-1.1088122033052603,-0.12189198183382262,-0.336043139889973,0.17493915640279822,0.01077143590253095,0.007642334744446239,-0.0040144870155735665,0.9115388847585768,0.8994531035925737,0.9672972426681888,0
0.14867595180533807,0.5498549110899557,4.5932508602259166,4.475650385041079,4.5105643260876205,4.699155873464187,1.0353388187123311,-0.09404285607708118,-0.5097990862161904,0.8814785202152327,0.2693192404179179,0.0307679742798769,0.017670748646098064,0.021602416934823666,0.8497633905254284,0.9186665899211948,0.9338637034229109,1
0.14291922514445013,0.201257119626671,4.103831637923746,4.448326672141727,4.322095734783336,-1.057381683411658,0.45304482477773167,-0.3699393510304274,0.23288158882166576,0.09913745772959638,-0.18127630610325596,0.012955027953126346,0.013144252891827402,0.016347744948881995,0.9782145583944202,0.952707851893811,0.9440453460853261,0
0.502014012336437,0.7994665180525861,5.092507835419884,5.079908249504762,5.140592505387203,3.43977046540589,3.3075434613507753,3.809171072452334,-0.5038919776555082,0.7022961058907812,0.5600762145851349,0.09915518724828735,0.07363283795521684,0.04461440502252805,0.24106219960935274,0.2059887521282047,0.26059543565521204,1
0.12100412730028108,0.3988980300802118,4.836389485957913,4.706255001685692,4.737603905304448,-0.9431203823486558,-0.5704644746713066,-0.6652854555548107,0.229102578648597,0.05304619305517961,0.03269223689671659,-0.004278972095116525,0.01980104016182124,0.010654511487573641,0.9465850523589329,0.9341846500281084,0.9445515128838038,0
0.5664845967770217,0.8025698418841393,4.739784513351396,4.59164139518463,4.673086036014222,3.9823812486597667,3.5135251923265187,4.85622860700226,0.36864859061409105,-0.5950774597679024,-0.45362170307639643,0.055347560939932205,0.053346358206039,0.035941668919154623,0.2621227344156105,0.6841199889076433,0.7616199895683102,1
0.11281275331151158,0.18888535423359262,3.791837875306559,4.111198742401223,4.004930859320443,-0.6168645137448574,0.1981546109333694,-0.36676188312882196,0.16686870422326266,-0.38119820829550155,0.37043477995685103,0.012345710195096804,0.005754691128637078,0.008731089498763715,0.917348386769197,0.9472878185280846,0.9444808875425951,0
0.14000627928748502,0.557609478066787,4.968087450264303,4.730582908172183,4.904005213645952,4.114870086874398,-0.08472652330545882,-0.4235019430631275,-1.0412499676212206,-0.08921724443015151,-0.14180175469273476,0.025790294130941884,0.026432805670831533,0.021055390422505565,0.929972879868736,0.935295940877042,0.9404936042835198,1
0.2808772774245615,0.0603752639469224,3.763943019401551,4.329027206588934,4.595351452796102,-0.5108918184419551,0.8044288323987154,-0.5695160093330038,0.20779744743204742,-0.09691206258761982,0.40302550348774546,0.015410634270288052,0.023645848080627904,0.02353696106071759,0.9072965324538477,0.9233128423066128,0.9465363631830599,0
0.5242601105069371,0.8040358151164159,4.718588495732368,4.755089865312004,4.896246016816152,4.100963553352888,3.7614776797960943,4.961490861790347,0.35267463590806974,0.40063859046851646,-0.8397427301186282,0.14286672549140178,0.14425543627344575,0.12744364989431273,0.21414862771031087,0.13861767811641282,0.24774280537007276,1
0.16503096918347696,0.21657042558260928,3.780717545713045,3.9117400302231062,4.1872904022292285,0.6633903691600969,-0.352488114543021,0.024116676844281315,-0.10489916504836669,-0.6537944082808529,-0.6017410815026234,0.0050768470405636425,0.020798344540416826,0.006310812871258989,0.9208844361776051,0.9430524279685762,0.9527698270376502,0
0.7540562718425551,0.9078307260666453,4.969094225941836,4.618440522206257,5.0018275589414305,7.022225558738324,5.594596195189588,15.748831507728152,0.7227407978377074,-0.23764861994695574,-3.3951023625209054,0.07948473163117153,0.0734516265697049,0.05138723868176448,0.3304689985393564,0.19412664142889893,0.22040885543544836,1
0.10123545343583237,0.3670158023715815,4.44792449781868,4.360552676749468,4.199744967960663,-0.9742181818816036,-0.427123578423926,-0.4110291344658932,-0.057200912078339994,-0.0908735841052972,0.3728122699680044,0.004974217522413293,0.007862581167005899,0.015847753582144134,0.9175233917272263,0.9169624187334302,0.882970352929291,0
0.6962334239796008,0.8802928654232822,4.977635162788724,5.112866618164806,5.205591992356421,1.5652855107235863,4.67502021563495,4.359360334939452,-0.2801481117389079,-0.4033076511176251,0.21390023157969965,0.08418122126643814,0.05277559667601608,0.03837621229931829,0.17124181038557182,0.5015821492476605,0.618708958920983,1
0.22591417639640024,0.18465344771235476,4.757045437698503,4.875362076072687,4.999346828556392,-0.7048790427564104,-0.6224392267498375,-0.4778476697835967,0.055102485523448964,0.07826573234609134,0.13049497122211823,-0.005179790984419103,0.022547922277809145,0.02063493764490118,0.895619741233565,0.9420790556942547,0.9634844047990497,0
0.382826003688937,0.7195278910943099,4.957622487389012,5.131044792862781,5.085140730942408,4.320000346172106,2.984931766549045,5.352903806268234,0.5363375873123244,-0.17317344902115533,-0.07886025488762409,0.07408644704890435,0.07284843903735176,0.06294773539206143,0.1797899972232288,0.17152147153906086,0.28109185467590797,1
0.6422696471829537,0.043196539616589494,3.6070698317638454,4.043147954162125,4.660215429431534,-0.7040903192935137,-0.47338647290251856,-0.7335998650628679,0.17987965832653502,-0.14222602493446265,-0.27183766811458326,0.00021287458011514618,0.015368559306725555,0.01544711930411206,0.8966101389650827,0.9423650513415068,0.9063957165048764,0
0.2035260257092616,0.6164956179080735,4.130705851623016,3.9531570240082052,3.843199827140008,2.0237245627205134,-0.8083212853732951,1.251764375876662,-0.14546798519286774,0.3055586887799699,0.2898629264105003,0.046390135306164725,0.025779918978985048,0.030383515716495363,0.8595203413959686,0.9231786151179868,0.891591237180044,1
0.03069505791812734,0.3074727452170626,3.3721750767730163,3.4698831768162464,3.2828188996890684,-0.35422236518408035,-0.2186135738559396,-0.6583964106301807,0.27885181361424255,0.45074882395823046,-0.012859867540298985,0.028888788796905266,0.0196796969363565,0.0229294891644242,0.9635606744006155,0.9564116525666911,0.9038913857042926,0
0.5922797501425128,0.814104312800764,4.877721734772965,4.799060391354073,4.799897626228178,4.307063907424807,3.603520446406823,6.450005083948868,0.4749640342019367,-0.782824449530629,-0.5763662370727535,0.0964781678708873,0.08129426805596603,0.08832970956214382,0.12503332620930446,0.2207396677220615,0.24390577423802787,1
0.13409849142672134,0.31250529616382894,3.808005304712661,3.736045867251474,3.9953438147122733,-0.6120332807114597,-0.7202943582635171,-0.44854322167849325,0.13839101354021374,0.0017442929367519578,-0.08938176481879448,0.024386667308950755,0.01009462955302766,0.006662451313889499,0.9263255648323231,0.93306799800845,0.9652177564568583,0
0.244275690724615,0.4488398333007034,4.4013042727089635,4.391240912035901,3.7847321680327872,-0.7012087289188056,0.06293395761892473,-0.5454774951807626,0.10365177209930339,-0.11532909500560921,-0.27838746297767514,0.014009145148714673,0.006003775439419482,0.017800949749193752,0.9290369092079869,0.9344733792511823,0.9040057745705856,1
0.6020899052238785,0.8134967210700044,4.677265756767215,3.852668295614323,3.9661032893893537,-0.1473832833924682,-1.1442392298098703,-0.2124680998413928,0.0420590090156688,0.18342824208609132,-0.09532265544384953,0.001492765447595614,0.0010984444118043158,0.01246465883756945,0.9299132229975663,0.9130884629808589,0.9358885335572411,0
0.6875005837456042,0.8644817033358192,5.033086937233521,5.049566121563542,5.030124589169488,6.172022849450592,4.719462601834519,6.225595233395472,1.3626599785718279,0.2402047093796432,1.7052322572573906,0.08348906165675131,0.07048188044612559,0.061233819158453676,0.28305768889742466,0.20219028205238437,0.2609637292565363,1
0.12686444272668315,0.4757369412215673,4.650200537877144,4.313474782459684,4.605816415671391,-1.143693289631638,-0.2186171475250389,-0.7286984227184266,-0.03015779126301421,0.18571387640212567,0.09611721570438293,-7.967573105367337e-05,0.02293918007298518,0.018664144573355117,0.9052673855977756,0.9385765141563898,0.9359143596164538,0
0.1329430608554082,0.4924619023338419,4.695925549144185,4.575217705711628,4.631361694846841,1.5939018347459557,-0.4874220458244798,-0.7127501090125019,0.7077588833484951,0.11654606929583623,-0.5836186020595038,0.016287327888316726,0.015242842982586215,0.01901725467882649,0.9263329250426668,0.9197112296341845,0.9173809794897553,1
0.21392197102816746,0.1260710802168579,4.449679555164473,4.827623513450575,4.752730206611726,0.050252858966162606,0.8693402148138656,-0.5605041262724653,-0.9596141536180937,0.055594822934198006,0.05449580173890935,0.0001929592300244383,0.01709896675626135,0.008266037030327529,0.8730966190497361,0.8901166310939416,0.9265313824865243,0
0.4917508650153679,0.1301092457221677,4.310704011707275,4.304844320286131,4.784335692249025,0.4861388753251994,-0.8316116926627748,-0.8588542834904174,0.24574022908855658,-0.07731466264889421,-0.13152225896390424,0.009594247932720922,0.017148113250732493,0.013175346259783975,0.9357072316940367,0.956578671306832,0.9473125199019147,1
0.11339638628148424,0.24904492222644933,4.020162848727659,3.9735205871097476,4.2319453457967064,-0.8886592579543935,-1.0308010343946556,-0.13038469898707428,-0.10149764371115534,-0.3434212938876303,-0.1621531583521251,0.009609382493155313,0.013267218080678453,0.011675572574586747,0.9631468341463039,0.9419647322836613,0.9451186762076176,0
0.5612092060910829,0.7789918609854509,5.047867131195588,4.932166733540226,4.941714446064649,2.410317773583481,0.8106817660022001,2.3226531487137336,-0.017150551018124384,0.22966010778807752,-0.6549207252062491,0.030300694659240263,0.024016508303190697,0.03089896252280791,0.7930919295432399,0.9216491151329532,0.9116728790519075,1
0.20749343914754492,0.2003541339876374,4.4644036821487,4.694226558776229,4.402020435898307,-0.6855236550815613,0.7711345853383902,-0.41400788275777334,-0.34342759652587457,0.7750082453368033,-0.2673067279184092,0.010623258217833182,0.024040752783753894,0.019447833613345466,0.9599033639024476,0.9023384434261821,0.951199445855958,0
0.06881539974795427,0.34937234001707834,4.326064858524903,4.055972575737694,4.403404865279145,-0.9198834992885372,0.28107689137280145,-0.7480182551155723,0.41045903592302313,0.6483659862685847,0.17200743715861316,0.01687966110114767,0.0193444538833503,0.020893085809578615,0.9673533725418703,0.9137616743729401,0.9576396917053189,1
0.21452115201098135,0.14344085641733967,3.237639860874353,3.964398997407299,3.709948664076007,0.45075415787462125,-0.9722542896116901,-0.3349296890469122,0.1365662286944181,-0.12374787800404097,0.12565005225671885,0.010242331476139897,0.03432178425609623,0.016894033618439438,0.9438853377001232,0.9485814237219468,0.9691088484344949,0
0.3525640670639136,0.7215236206808993,5.151839208279579,5.164003161522825,5.143208746106026,6.542853470108819,6.719406805985473,3.688466993537382,-0.9912175505909929,-1.1081342280027262,-0.5086471850599384,0.07950307946456106,0.057190650208552095,0.06874767138545673,0.29063782477793704,0.2706402968391595,0.20492229943165113,1
0.4074287951481669,0.16260282527830733,4.350022709167257,4.777839853115301,4.22024877088927,-0.4232331212512923,0.2134212153466346,-0.11987835887735887,0.021130681922797136,-0.3294939864866186,0.12750813371030298,0.010489769268752955,0.026864669914532534,0.022576251782869015,0.9405698492285783,0.9246622367251497,0.941552425564538,0
0.7763766477518553,0.8883779143812884,4.941368338719439,4.974101671719033,5.098086424202738,1.2658933878367336,2.13577694508563,3.202934534195009,0.2736696655398728,-0.32288458163086886,0.1086380814644223,0.10479336860484656,0.09148700040085882,0.06563484937624828,0.1817698165349766,0.15520759211477847,0.2298210571700579,1
0.08895875962623578,0.2814365749461634,4.483755689216088,4.607169298694136,4.549190808857182,0.9820559587192323,-0.22878903628976266,-0.6054393503602862,0.7815321477071177,-0.2737840472394249,0.13638200696758668,0.022403923192418636,0.02221298146068607,0.024750159199076575,0.8979515071708328,0.9539005940709804,0.9486278689301716,0
0.22282740460904688,0.20168935418050238,4.834554985256175,4.942977803760726,4.973319931701948,0.9414345870034952,-1.0118378789065232,2.4100154446639364,-0.695997749449551,0.09867289711650852,-1.1865125641936307,0.027308781344191457,0.018821021130210468,0.022384396531528003,0.9167446587449777,0.9382337378930204,0.9134124701625431,1
0.026315342614698332,0.2773119239605809,4.92728035944779,4.928197609798659,4.956840747371926,-0.3548554677850846,-0.352629014843195,-0.5832554899390257,-0.4033844481679147,0.4652714453224228,0.07726292756396845,-0.0008186541497707461,0.016784647174347595,0.01900704247610915,0.9227219703363142,0.929300047583868,0.8933282545869269,0
0.5138958034498051,0.7930212623531824,4.664835711655526,4.746805510483661,4.924889154389417,3.607159740863435,3.6032698023100496,3.409202984331297,0.49658848995046834,-0.6459865577895573,-0.11914260457981266,0.08823190595870634,0.05441042534390799,0.06108441173582151,0.2879459845406935,0.10650316241188475,0.2108661573392733,1
0.3371308416256882,0.07854044428182883,3.8074374286845654,4.235150036536098,4.607604931366012,-0.5785149084295966,0.45486139496405986,-0.807803761415383,0.12760910419278457,-0.503860132623845,-0.026637294044719876,0.007101797340507828,0.012854313333706343,0.0014979734525574766,0.8466090834466306,0.9241146252809308,0.9403689430960706,0
0.6533849343519802,0.8503360699466361,4.861008004932593,4.911718425468638,5.042634649757943,5.1291689737340835,3.4900653416558027,6.688274613986341,0.7716624523880375,1.0383998078699157,0.8575508310058024,0.10438105074086589,0.0772493573956024,0.08127496905792927,0.2852344303619496,0.2132163011464957,0.19950526861661483,1
0.06938111581452781,0.5026509204750716,4.516457475857587,4.407364479170811,4.410079755066199,-0.09889759708642742,-0.42049137145454996,0.35249063712283757,-0.4323341376437071,-0.10444073075892288,0.602114187658182,0.003961307841136065,0.013911435478612027,0.0019155436871097164,0.8971054478595542,0.9347481976405402,0.9540691221955522,0
0.7047321659503227,0.8556711989462495,4.589605807321366,4.4075137424188355,4.522036064640446,3.9932102305187804,2.6662965506468197,6.5921038879346,0.27821681796029707,0.6329093706785617,0.6807083825398773,0.10891401570542421,0.08597638768361034,0.07891893530250502,0.23622411109129587,0.1687872556025965,0.20935793145599185,1
0.08176206662677331,0.17650992812873706,3.2113118688239326,3.5668099354540677,3.654688267636995,-0.3268997685518036,1.026325237465601,-0.025861589155173448,-0.2537566905150836,0.96075163273779,0.45596805270757723,0.013108938260186016,0.006465261502373445,0.02054550719440436,0.9266382895238111,0.9104414108794943,0.9683689245527746,0
0.22261806556783204,0.2918734617365642,5.096387433834785,5.024456475059967,5.047867131195588,-0.5410744122528595,-0.7286289437577746,1.543929444129347,0.047417663847379124,0.028245828021351584,-0.4576874632774585,0.0045624916317957695,0.013367409813672933,0.011037018783110296,0.9311207344747704,0.9625147031120919,0.9361410080884951,1
0.7255675396240737,0.04619511808236158,4.8246611653865425,4.858536784397455,5.131044792862781,0.3098008285910403,-0.41850473555099965,-0.06911663268474966,0.07824843363210783,-0.1200146498219046,0.1971056701337128,0.0208737602807526,0.027547368788181446,0.015314612352758421,0.9535588000645031,0.9197563347844142,0.9373390965153269,0
0.19290932821818974,0.5407330619006876,4.925581369079836,4.782636701881071,4.853650410305019,0.4480715232744572,-0.2662872237789311,-0.35444846944411124,0.1697530247546253,-0.351593770128593,0.2728234366007085,0.008700179695186818,0.012754633193625546,0.006157118575017234,0.9356805971925253,0.9246898193890442,0.9445085239340388,1
0.28162408657963234,0.17700565524714074,4.63262505254292,4.9914981063999235,4.610567279430043,-0.8307360837683624,-0.3556684218656869,-0.8556494837516353,-0.4104748344342252,-0.33905233614873204,0.27352366236953235,0.016094298828813348,0.018315132757774927,0.015302298481303152,0.9622016265791322,0.9659352995325426,0.8985889514993103,0
0.5753807589272738,0.8149031609873212,5.140592505387204,5.1640031615228255,5.240249351384419,4.813474670048697,2.6425285872671953,5.245234049555094,0.4192440203620831,0.3498028144104477,-0.011350902851459524,0.09908649616671684,0.06492507619069021,0.05802138873509001,0.22711659257735173,0.20773603505069513,0.29769050168025574,1
0.02263293816252503,0.3388717842120359,4.910019435100684,4.894457501121531,4.922183388343929,1.415942633754053,-0.5039476604098088,-0.12380981476611375,0.620467513465855,0.053974976081598756,-0.13150561094554356,0.02407285109498458,0.02108996792843468,0.01855857820439159,0.9482113713155115,0.934863518047151,0.9296107678720033,0
0.03890503549325361,0.25737713137363183,3.94158152078553,4.029800658699566,4.206506898962833,1.1686071329782264,0.024417948856648053,-0.9267437725414531,0.824491950706246,-0.7423035839388281,-0.14333446848818907,0.03555147898824596,0.012253031874061605,0.01933175011685016,0.9111471159369006,0.9466121256722017,0.9413871165448908,1
0.5954959355594523,0.8146552036602169,4.652637727942635,3.9302983427359375,3.967175069773811,-0.4689092345300252,-0.9671285589937391,-0.5183630739280645,0.09883697646554404,-0.26588051765704546,-0.22410876818344952,0.007207872634543433,0.016080689780852364,0.025328325508232472,0.9250746578682539,0.9413937630187235,0.9540309972365172,0
0.668434943260778,0.8638156038729583,5.0469498808447195,4.973319931701948,4.9139885588422505,5.94220077772799,2.2475852795408713,3.4781886462366973,-0.7024958468479336,-0.010904755802621645,0.21343134252218315,0.057384267964757575,0.06227088942563627,0.06281736058400078,0.32278854052775763,0.24597043737088423,0.2942501069742551,1
0.12126002700328106,0.5322273581256934,4.509155948207856,4.036821083711011,4.2846771148528315,-0.6746815432487945,-0.6776917800717501,-0.18098405502022885,-0.07304825934873263,-0.16966596553517596,0.046110316694423246,0.005508466950036462,0.020256876945495588,0.02336656939714481,0.9258215708414885,0.9066388355269548,0.9292690690547601,0
0.3168811952597151,0.6737748575344116,4.660721567730273,4.654201207976803,4.827848549111025,5.313336089509045,5.645637186605553,5.055751064254615,0.7698037565961909,-1.0665025778879234,-0.01742684129601462,0.07407425973648421,0.04001735888029417,0.044499374332284534,0.27411820397137654,0.6819962111928891,0.5782965267781193,1
0.18435910877258888,0.10846735405475466,3.938887748701494,4.376775279060949,4.549536916202394,0.26624701009226825,-0.3019080716031799,0.030285654227324876,-0.10016765203408283,0.30872032957048434,0.4966977764729712,0.017466127962098094,0.010729701895462834,0.028177098224037547,0.9182578402152273,0.9395682524733586,0.9336424284939857,0
0.42428829983134103,0.7495329122538295,5.078209259136809,5.03308693723352,5.020922983990275,3.9999665534434943,4.605301793008216,5.744413623493282,-0.5434038772211988,0.6803897163728923,1.2416561199120264,0.04761677075149437,0.054484040755078525,0.036798194297274156,0.37023174287340715,0.8156286680368244,0.8858804458460989,1
0.08124126369554839,0.25945641042491047,4.461988528591404,4.449824575348156,4.523936142169922,-0.3879541786791627,0.04584817621179793,-0.4964770538757146,-0.15567470934392655,-0.06677163602726814,0.13971771599835886,0.012769984840450457,0.012285133949796082,0.009932718420387244,0.9602998260544602,0.9326196215210119,0.9155290147463186,0
0.3326790077867908,0.7128656311829024,4.2187603775327425,4.087868673863183,4.159307932988285,2.7696975335344716,4.018547126344021,1.1235670476838813,-0.3997337282643359,-0.9791687350735948,-0.7324788568390986,0.039828775879135796,0.031601687660790904,0.03692868490864455,0.7619816665382979,0.9282909033850102,0.9633779392555966,1
0.03756715777241031,0.3308218713175447,3.462045257193819,3.5604986478936147,3.248877038059792,-0.21471792580228,-0.8780881658853463,0.10348575427844775,0.2740041888805183,0.2708164371918991,0.3351090666988857,0.01253187082763903,0.031029857907976435,0.02115633649037304,0.9378936451200198,0.9554179240069872,0.9497098638011855,0
0.7201595168372682,0.8806914412361153,4.916033656555415,4.537252463395205,4.711923115795214,3.223252504683849,5.136551958659709,5.3699584928545985,-0.10466039424537472,0.002643584489151358,0.47436301581274076,0.06044146709872369,0.04966848846664997,0.050362497702576954,0.22246632335308364,0.20987497655137777,0.4603277338104293,1
0.16333880839235912,0.1820743002759344,3.973290771092679,4.280305816788213,4.233394979190307,0.2904461538680825,1.4762954900037073,-0.79735806084526,-0.23511999648923007,-1.0048559354253475,-0.10361282269082911,0.012203396531872258,0.014648129389836017,0.01161005192233214,0.925502748123531,0.9375136160767151,0.9231394956638151,0
0.2580940777372917,0.6655859747513692,4.8879616619878075,4.803520642624535,4.686031729274552,3.906853075151602,-0.02514162924722463,0.5027559692995327,-0.8546824746772701,0.1567587572231158,-0.32503399466092137,0.015832297604783222,0.035146308483037826,0.03511016458497016,0.8321539621049655,0.9152550740346586,0.8301539247535573,1
0.1841225059372815,0.6093661215098182,4.714193249168828,4.351745648034137,4.417807405537908,-0.6189730295474041,-0.9343347309631271,0.04064000865081496,0.2271902964311515,0.21834663106163935,0.5864396700460968,0.005427233975632695,0.024690796199597867,0.01034180669856258,0.9424740484292908,0.963463274413684,0.9335497065745982,0
0.18467395137221176,0.5929946174803024,4.134745480991444,4.005954369892068,4.01919010351977,4.0378126857229315,-0.07159140107164186,1.0351189386452049,0.5725388923012585,-0.3235310988076839,0.03458380741381276,0.035771947875058725,0.026780312401907775,0.03725698370682575,0.9069783568662878,0.9292098821481972,0.935225689766848,1
0.07917294979746647,0.24436733132414767,3.605910810858436,3.6662567565606756,3.8781455138504817,-0.03192883343718833,0.30364297995384826,-0.13295720452544169,-0.17138212184073173,0.4429510401593509,0.06995145088532337,0.0007431659141513605,0.016356486306154626,0.00023509687737655177,0.9549451220497261,0.8873155627277002,0.9079277941148544,0
0.32372305140642504,0.6930394742994556,4.988535758335891,4.905704204013907,4.8545676606558885,1.6467366784850501,4.520054306509533,4.03640265704497,-0.2112584487996431,0.10411194457345689,-0.4906469344972021,0.06038746403572244,0.03675030156185766,0.026545084688000212,0.6059815234272558,0.8838219237214833,0.8035159133293939,1
0.16654644732041135,0.09240622164266223,4.233910627338944,4.746715985156996,4.691610318057408,-0.04773069825061027,-0.4081649785489674,-0.1539980570197006,0.34672860283667756,0.007909844967748644,-0.03309052823106007,0.022372252959057815,0.018126276919716352,0.02570770701071369,0.9079645054052341,0.9634081490159152,0.9027869726511012,0
0.6433028469052244,0.8522536360176486,5.205591992356422,5.2082082330752435,5.2636600075200395,4.91381831784581,1.595677463455898,5.562753344383658,0.06761849246708591,0.3391261152009887,0.11712675126867883,0.08217753575260474,0.07051542540241905,0.07855088083367612,0.264081160861113,0.21658961506491012,0.24386939021610743,1
0.028330839039322275,0.389316517880278,4.926498619430705,4.9235362713666735,4.818646943931812,-0.8164164417859521,0.3208376115250555,-0.8953996596216847,-0.13791018142083286,0.17241330786941264,0.4090492692085473,0.010879481107668782,0.01703590307020609,0.022934389114379908,0.9692982801930414,0.932367416807956,0.8850723736298434,0
0.5343694009779009,0.811474285324094,5.021840234341144,5.031387946865566,4.981604286530292,4.7664145387175205,6.94108020396547,7.797099788358333,0.6530515139918479,1.164931858795741,-1.5592594014251986,0.07144327378810776,0.05662108328109397,0.04891939163207996,0.21939735667651786,0.19866963330617013,0.2864478757763493,1
0.06669138210315909,0.42793454129675923,4.493763555032132,4.466303759678179,4.498054265499163,0.46173520921567013,-0.20589121149021894,-0.6435760333802536,-0.1187839597378498,0.4024385089491216,-0.0783085353659511,-0.010512409353614657,0.01184541300723428,0.022744821964349946,0.8505516704587023,0.9043388538554978,0.9352113320953327,0
0.6011008779299107,0.8456169431369054,5.084223480591539,4.95853973773988,4.920002780296981,5.253150444709457,3.732780092648669,5.809195738443487,-0.4538308599857907,-1.0020709298303874,-0.07870723270905575,0.06406740496929425,0.06403828348432274,0.06212585205422311,0.22092341404499752,0.22482924878370864,0.23765778533140722,1
0.06463101078039336,0.3147296923320743,4.608377161533194,4.646141888808909,4.540190290839494,-0.4876934194569107,-0.609381618952487,1.313547825863159,0.3759895158314572,-0.19295627468185977,-0.5613172427060001,0.01354476993245289,0.015211274211568163,0.02791127549078241,0.9498657493020113,0.9180807916495081,0.8978059200302602,0
0.48560233932213887,0.7833154916085118,5.023965347531071,5.105935146359206,5.0452508904767654,5.9638115624742,2.6063108564099,3.578332284389637,0.4870250776050323,-0.6546222264508068,-0.28853642551136943,0.08223929010835813,0.06763652894729963,0.07216990549761547,0.2914986500185524,0.17744762724716676,0.22932950378164713,1
0.18757079386515688,0.264780890109944,4.4563204144818815,4.561790394772305,4.553281004283511,-0.564969399622131,-0.7195746568783359,-0.6940914159063882,0.3957958970214759,-0.13844718480578608,0.07928266898475032,0.010952509614758089,0.0014453257833208814,0.007072340097642513,0.917785924920825,0.9067026954251065,0.8984398095964042,0
0.5984832027244151,0.8378789281991832,4.559600276875453,4.693623869412478,4.7797638791437045,5.7380636144592465,4.495684557993043,7.208515564055459,0.5322077333064105,0.9393489863814739,0.6403007109373995,0.13173538007234276,0.11567662102835521,0.11497918896209021,0.233823534231225,0.19330714773010355,0.27662544034612124,1
0.21952791042996483,0.4211790539704616,4.422589815654654,4.551582013915557,3.4810149129564527,-0.08083146020402765,-0.21076834381272258,-0.05327435038404449,0.15457462363625732,-0.1497944749896584,-0.04385689251660526,0.02900637827421491,0.008463732158864713,0.010486131682431836,0.9795116702400184,0.8954667634300882,0.9065893703415956,0
0.5024585223838454,0.7820826644699644,5.0825244902235855,5.126729561776005,5.086839721310362,2.73579851828758,2.346858315314263,3.6737562062966003,0.32052368037167633,-0.21436419964140643,-0.1256917349707101,0.08078809609090487,0.06979787869560983,0.06060625556716363,0.20250380377405724,0.1347958030936777,0.16152370318353448,1
0.15519908082435627,0.15194442227605168,4.738296119994867,4.970703690983125,5.0079772907299445,0.22400935448190573,-0.5929224185273423,-0.9099537685266226,0.06747609420804962,-0.029834349354613574,-0.05565491413967679,0.017305987221854034,0.003664252108084003,0.015448640880728172,0.9383762546789703,0.9521939167078183,0.9652343025000432,0
