0.37836348687475385,0.7151466040114902,4.925235261734627,4.92126613799306,4.987182875313147,3.112017578237568,2.461800390731667,4.751134293948459,-0.09231321927721965,-0.716596251181209,-0.12091232411813699,0.04810434929410333,0.029599869161620232,0.032294196652290594,0.4409647069396724,0.9378048364212325,0.865002235787503,1
0.09834397076794744,0.2237902096355162,4.4738618693464565,4.6735216686860985,4.461472880442764,-0.6103242059923573,0.09548203417162693,-0.6035262423516747,0.021777623208153088,0.12958456401924615,0.09682935033932745,0.009271242026995913,0.019896356324504233,0.028144347040276803,0.920658973814625,0.929912365389888,0.9545194024284183,0
0.06904886432216685,0.26630243354664423,4.509782586070535,4.567850601234151,4.691610318057409,-0.9025232220930612,0.16571142346991952,-0.5843505605583332,0.09829000532544731,-0.3683160281859894,0.37503437143297574,0.01685279652588354,0.024520397544803473,0.024306639334313106,0.946271047001271,0.9252934573308625,0.9321122192255867,1
0.17311819830503292,0.3699462397450385,4.849335179218243,4.604988690647189,4.882293547878286,-0.1701593836558537,-0.6546891930772976,0.8162414778111278,-0.3821706399528699,0.043628546879667045,0.2503403851538541,-0.00571434408202193,0.0198187093089397,0.003873359923269104,0.9087397261623416,0.9468653729434052,0.9430476993346061,0
0.058028817866369646,0.3938047054791485,4.599175556353981,4.543176587402451,4.436452759265854,-0.19363541505318205,-0.8511017156591625,-0.35815957938959686,-0.1663283818041831,0.03850310617705042,0.1448433413651641,0.0275656058375997,0.03110796383449007,0.019870038498613248,0.9599225623937824,0.9686155028153631,0.9542468999046608,1
0.07168634866565624,0.26780883921309967,4.615799760867689,4.726357202412072,4.682152130859651,-0.5666782472198628,-0.2060928519636338,-0.4007988451938873,-0.06852238779741046,0.2760646234138426,0.12444706425769994,0.006625418913991926,0.03091298798869424,-0.0027917865273004616,0.924200194232158,0.9315358759440301,0.9199405195733827,0
0.41165660317289515,0.7464479493850357,5.025238215077051,5.076374758435071,5.093771193115961,3.9551769544449193,6.311039415992806,2.8220579897698297,-0.4471653058406266,-0.9778951889970643,-0.49807245375678505,0.08025942422393574,0.06191889576445855,0.07609214997829354,0.30022315843723335,0.26042640345604007,0.19794832904829368,1
0.06849523073275071,0.1991022670242733,4.252926036911027,4.50202338924073,4.61366513782786,-1.3587554171553242,-0.010975061829040733,-0.5754962254158364,0.1245095249264096,0.17933798350171762,-0.5338561093608579,0.011207637213226651,0.022928032839208655,0.012493891106512438,0.8842788512274335,0.9137772337314269,0.929847278889064,0
0.22522584353504194,0.568334234741725,4.829893646824189,4.611349019447129,4.77910321081138,2.164325039947083,0.8184804004976525,-0.4543498336424383,0.07599800611626348,-0.7378371375315785,0.07123251469518897,0.016031330151665454,0.022517116087719936,-0.0044303987259254884,0.8996780735459443,0.9477934669066277,0.9472609455282381,1
0.5874622720353571,0.10063263754472969,4.593395880409603,4.376139131348367,4.973319931701948,-0.46684445407473607,1.202017334736805,2.61304315388825,0.46914467483517686,-0.21072122280686545,-0.5497191432841385,0.013420764664958307,0.025831734148183357,0.02184969177819731,0.8697475346877359,0.9173897008717015,0.9212999964370996,0
0.35617328493948613,0.7182208755145285,4.327473236404665,3.9465984764126283,3.948813114929221,3.1361160714579484,2.174577526139097,3.470265085965492,0.3654880578002348,-0.017853302476146582,0.5801065337754142,0.03483917211231435,0.04576504499392403,0.03646666698886039,0.8876064997329313,0.9345515023711874,0.9291735642217133,1
0.16651667506640994,0.11295974771135285,3.214413490285793,3.838570234371954,3.804323987396089,-0.6378439268826104,0.06554171373435036,-0.8557018779977081,-0.11876812580832975,0.6024947392060797,-0.10788819450417539,0.013003162692364019,0.017567618628193536,0.013527061347674615,0.916658072255876,0.9665189482751734,0.9556668871550376,0
0.518069353726071,0.8005572818283805,5.1267295617760045,5.093771193115961,5.08422348059154,5.321333135873928,2.5953383431443333,7.03337545651196,0.3503831667944429,0.5247203700670429,-0.9153680214974165,0.1009658024723369,0.10184872849543283,0.09513828915760945,0.2455472297916169,0.2059508414441094,0.29482750971188804,1
0.3101344201885228,0.657477187759252,4.835126128261834,4.422154182982781,4.639646049675185,-0.37525503492864853,-0.17624092102381228,-0.8608784794607294,0.31738488309945145,0.376832415876846,0.027850652451812796,0.013214007714637368,0.01727587836129327,0.00907042116150817,0.9300068424058701,0.9435696476399899,0.9341774370072892,0
0.43453489306977144,0.7563950049082258,4.195242889055545,4.005217357026503,3.8253289998243134,5.370397310474848,1.0703472563257073,2.9146229707156692,-0.4568974347796962,0.1674152320467073,-0.9039178973017653,0.03209795270647312,0.023461127639713187,0.04573634638822164,0.7828355106090148,0.896983990802459,0.9192761833042414,1
0.15881038148954973,0.14508020755904677,3.6545521851823923,4.021596319347985,4.158156137127066,-0.1324026008523358,-0.1518451695519123,-0.33643039183897017,0.26228721198532784,0.22226646575004505,-0.16726377547243856,0.013403948626123876,0.011411417337288501,0.028301438353115497,0.8879599721781543,0.9330979749028092,0.9375196600721948,0
0.01173945601815406,0.3142352404027366,4.333172896872282,4.440332357680757,4.376049606021701,0.18614690112754229,-0.655098585746984,0.47952371644951297,0.21796551026284855,0.08304901337438429,-0.06697706188663677,0.01827900284215029,0.008972667392931436,0.013589211872645855,0.9207379153651629,0.9513027957082412,0.923196441657555,1
0.11556429209430419,0.21627669164436453,4.528396393440384,4.744881484455258,4.439930755478525,-0.2982654314938351,0.058512538099474654,-0.21402537717038994,-0.03242279617212956,0.01407021949164441,0.636059184973429,0.009463332111674142,0.021580836647435236,0.014610660882820701,0.9598562426865672,0.960603844391019,0.9524707308565064,0
0.3964073103264246,0.7400577587237407,5.024456475059967,5.14490773647398,5.063429065174741,4.895840416567905,7.7351941726725215,2.7384468034285634,-0.03611640520113604,-1.0333652748915687,-0.41764753956498013,0.09219160295070576,0.07201190926974878,0.08150429689794572,0.24117598013259542,0.2605005761345007,0.1671934356901065,1
0.09660150630148412,0.20365134269169766,4.702857020949784,4.851951419937065,4.745798734806126,-0.5485392405334268,-0.45500454764447085,-0.7520726330048855,0.14627481160370676,0.09899814618386807,0.0991587597201867,0.00032488341183989177,0.02225825266730519,0.013007739432772251,0.9146292664805559,0.94228869643889,0.9216394089209943,0
0.19761360979001058,0.5123907108725332,4.400711415146754,4.6834400091754755,4.576771675895895,1.690211551325139,5.9317430685909525,3.468596827718824,0.12184034860460344,-0.8193347158464661,0.14091518203083295,0.11718052813881305,0.1068371550481123,0.11854037449772202,0.22276851321671934,0.25485233886456676,0.2619412580755306,1
0.11711316117033219,0.1669141073789494,3.190679989569107,3.51912861520241,3.6392353999417937,-0.8629642072337496,-0.8858845504704789,-0.5419399969829302,-0.24731365152221071,0.24510530177970904,0.22585732170172657,0.006453194474815457,0.02274487197847296,0.013263550916112494,0.9596538652118538,0.9029462623492438,0.9356149811808451,0
0.583071750648177,0.831609072773757,4.7164633825424405,4.682793580186335,4.82261606767338,4.695783484123358,2.255290745583082,5.66760159241081,0.6804637139231324,-0.4119347227628839,-0.4849454509671011,0.0933152485610847,0.07931916408969061,0.08511022302441133,0.21533686220637505,0.21640552358773343,0.24210912372979382,1
0.11619895780736125,0.369982800492369,4.279509638122106,3.912892398205145,4.27380997765449,-0.853526711046332,0.3440254588892855,-0.43553107158758086,0.17016738733596032,-0.7804150994274641,0.19770937391610735,0.011062962668282572,0.00721488482970044,0.029669454940279557,0.9571987810076975,0.9353425471142663,0.9668807784295275,0
0.3095363101884911,0.6954304938104423,4.901824605599005,5.021494126995934,4.770417253780806,5.803231888074032,7.651540953238307,5.937553361044538,-0.38356341199114885,-0.290285307839767,-0.3070587143009087,0.10685065921984231,0.05824476363963654,0.10259577564727103,0.2829116606191361,0.3018491421181502,0.16999651342077407,1
0.23898168574431494,0.17845834570533278,4.149936787005645,4.575128180384961,4.191259525970796,-0.6439985885437323,0.07198824614107169,-0.04122455822192794,-0.28044670744654987,-0.0855722225724499,0.10591373648184188,0.011544911664231433,0.005342397116180659,0.011091023638732496,0.9625907923900403,0.9629042778417947,0.9341414631944669,0
0.5690206000616219,0.8262974624318052,5.028771706146744,4.914770298859336,4.988535758335891,5.6872181721221065,5.023231073278636,6.444475346425454,-0.008252040949129444,1.073093454649947,0.5191648299440794,0.07449945005259136,0.07037325873410794,0.07384673563161295,0.23814731290511662,0.2782521654285617,0.2239435595563748,1
0.6540978533782625,0.06971860955942938,4.372024415302296,4.407979162496018,5.040935659389989,0.6803375521949451,-0.3987416604064702,-0.48762801942634937,0.812528912201018,0.3428560906952053,-0.04711979754893822,0.009141355170343165,0.014033699752692842,0.005760406910028639,0.9196752727119043,0.9496982354870367,0.9588218958422556,0
0.5016800551119414,0.7837831380685016,4.705473261668609,4.608691722520311,4.557073561483296,2.977201577840999,4.62918467245101,4.504522220873755,0.1920405231378469,-0.20098854953942039,0.0802395475636092,0.136191111399715,0.09701923356020359,0.11251871245247994,0.2241559814168745,0.20556256072197762,0.22256270903702097,1
0.08644278651775193,0.4620008140764086,3.4429791757116717,3.2316746139387376,3.2132435396050956,-0.5147304007595146,-0.034966910486754266,-0.3327191920524304,0.2764521822484722,0.5763431001316368,-0.03343486921252367,0.01865750147884051,0.009659700465381605,0.015494004945109696,0.8913637092867905,0.9380985922249495,0.9242879824431183,0
0.25394214811147103,0.6553311345418262,4.166069863990455,4.04768822090935,4.0191340365419315,3.994060537012648,1.1569716074014167,0.33464111890567727,0.48049892921140464,0.23689792007457966,0.14520270471169597,0.041366252325531275,0.025725542871575656,0.029841550310751634,0.8148995309581392,0.9559144122085841,0.923136423883095,1
0.14947261619668403,0.1927000003731825,3.5689791102210253,3.670748554189232,4.000545321912643,-0.21849021407545877,-0.6630694432873545,-0.14778903020287215,0.0896696912355155,0.255278043191584,0.1578141780776842,0.01015742578004542,0.013013878263028933,0.023873635880032856,0.9301158377152051,0.9387738199948458,0.9505039186991503,0
0.12076250798865681,0.2976818978838751,4.670905427967276,4.734552031913751,4.742255733886532,-0.8784700450796072,-0.5181894743471522,-0.5309240823776196,0.4306852773136387,-0.15837117638360299,0.007018551303846574,0.01187785944544284,0.007659199004782767,0.020270446906412515,0.9573395134069588,0.9357700265548025,0.8785680899345899,1
0.19919883836024,0.1302120909172481,4.436097142070742,4.748414975524949,4.6725148930085645,-0.781593531444094,-0.5559838778230546,-0.8638631864510407,0.18001237766921968,-0.06681356393968635,0.3909400088858791,0.0063461640723666245,0.007256667775319045,0.024719058302112122,0.9175087679627374,0.940837503525894,0.9231121663933601,0
0.5697622264516654,0.8315131315713836,4.973319931701948,4.7922184448751395,4.8805390626533125,3.9778533212559806,4.478443964489029,4.4879062187034995,-0.5316024474150877,-0.0017622311098742442,0.7336592869551823,0.07808318424941917,0.07620252343945039,0.06970386935355981,0.2751438618262513,0.23047294790713108,0.23980433418092245,1
0.04452278970979054,0.3994161899082182,4.332224100163319,4.318898841208952,4.489769910670821,0.955723658797937,-0.46709083484714276,-0.627012273377209,-0.6647697257010985,-0.028769696756976913,0.2477450008022059,0.0034259691343200916,0.015510888207227572,0.012519131567245167,0.914321825828531,0.9289584187896501,0.9618310852964751,0
0.5347033286532186,0.813891186519984,4.273303302063474,4.197844691125345,4.279258357717663,5.404128851523261,3.9323495333127427,6.831984380068574,-0.3020160993130006,-0.5633823456412729,-0.011637962254646908,0.06662991566765583,0.0387792669740835,0.050416252487584176,0.3146643098861439,0.25798911027161464,0.48324145757949927,1
0.2704100483721406,0.15527796009087164,3.5978735281987344,4.170576100268036,3.69239166114931,-0.2840496629740028,-0.05262684226120351,-0.6765865863858167,0.055312275594241615,-0.03480155378310864,0.09599304010081411,-0.0017273976252628882,0.02176382953959295,0.006436193258242479,0.9577139284308859,0.9619618041856256,0.9423407514400697,0
0.40295307626349913,0.7454064812003847,4.848642964527825,5.044904783131555,4.94524793713434,5.589760941256639,7.380228632119376,4.483956456836137,-0.9903844774663587,-1.2519292540850813,-0.7974068119818988,0.07848279494091995,0.058855693860161554,0.06917799899452616,0.23680557552721015,0.2530820154779456,0.23320147788812542,1
0.4705641105329093,0.15123973875078586,4.547927451161106,4.954224506653103,4.383953823035188,-0.5882394494780199,-1.197158007442095,-0.6262252488780837,0.002519119176853245,0.05486825183181862,-0.01001640029937985,0.004680106452866861,0.012227706263836274,0.013613658202321936,0.9392263610444511,0.9605748497113527,0.9304079322497742,0
0.17826382426927695,0.5586047255684757,4.292324749847774,4.2247985474864,4.261636514561344,1.2446724296494915,-0.6298288112270325,1.671643056722952,0.027344596401554174,-0.03823840116469368,-0.15925226576468202,0.03196902310937882,0.031733095556273586,0.026688898595652218,0.8527783721921455,0.9417153618354513,0.9284182211893454,1
0.113298218717805,0.11569596249277071,3.688483871171143,4.18962611243058,4.146708347073164,-0.07062114941676256,0.3394537667912947,-0.1748425663927966,-0.059428133954832735,-0.4060071052774329,0.047302095600279044,0.01350462203635302,0.014625624785746003,0.028388168040971048,0.9435943961366576,0.9346125052070899,0.9497178237298994,0
0.1641335384559226,0.5775266816468784,4.128506223876264,4.29820346096872,3.9662095496101117,7.542007198185738,1.4431655733304822,1.1827706902889226,-0.6735111855809325,-0.062021740612164186,-0.33060578252933054,0.03442445482526505,0.02694286439651835,0.03600379165850194,0.7541812082741013,0.8883672815370128,0.9526449775292263,1
0.14193190451079143,0.22769616878043306,3.816914063461308,4.065319201100592,3.800321405305695,-0.9040668828767089,0.42340429846275907,0.6742279268269664,0.0029523557392668203,0.1291178371575355,-0.6999263793100665,0.0016269403633489901,0.023888804679526487,0.014859421450392724,0.9674846994611149,0.9598511990670378,0.9572404353737713,0
0.05010535636232257,0.28465378279316317,3.9812147792326282,4.010358554184692,4.1817118134463716,0.5200255689990647,0.06634484400312335,-0.297920347296309,0.34450526782932794,-0.20956731265627454,0.3513869938172067,0.018267927671733696,0.01610688602223123,0.02224708266724323,0.9170145081837744,0.9385641852201004,0.9548381839194591,1
0.10765517830412741,0.16561197373558606,4.153995436073878,4.451579060573132,4.465667039844779,-0.49076514118060466,0.13873179639315314,-0.10084251070776906,0.126404405504665,0.11357144390002727,-0.017718718278336286,0.010090133839083852,0.0313750062670027,0.030043906376774173,0.9541522433771202,0.9626031063439631,0.9418625787185876,0
0.5829824707977548,0.8221991836571912,5.017525003254367,5.154455448998402,5.164003161522825,3.7430502254018787,6.380506642449927,3.39912653375458,0.15260817067629115,1.3273569339002071,0.9191645595112788,0.1237076264575014,0.10411879962548296,0.11357133263035833,0.20422705300169888,0.2497482014856724,0.15847553026439215,1
0.1602831185189499,0.26875269440354577,4.479731070617501,4.7311540511778425,4.475415839530727,-0.47216544700335383,-0.4368246309216599,0.11394400663317672,0.6212436975737279,-0.04033292346111787,-0.4096907989090229,0.016436857567693957,0.011049077385350303,0.006870646584302793,0.9187025043103428,0.959108760909739,0.9243722513448656,0
0.3309197130547694,0.7116287485834557,5.111603260468728,5.184797576939623,5.184797576939623,7.085590613437795,7.118712255917595,5.364760726307388,-0.019047428723385634,-0.9987927625856302,-0.41855673913705105,0.09329320506045727,0.052620979897061756,0.07573638571832414,0.2838445343941097,0.25356707463962563,0.22424919598344364,1
0.5314400600368283,0.038325323932220615,4.198972737793478,4.937399214977872,4.67295052568044,1.8034276423952296,-0.10612014283425397,-0.9765729860120236,0.46961649878557327,-0.03952295068957548,0.007104925875765421,0.014531188979184618,0.024262084817527833,0.024326093214794956,0.9210848785052788,0.945443380151413,0.9493355744250762,0
0.8383177384961551,0.9366841233805864,5.1267295617760045,5.1821813362208,5.212523464162021,6.569553551888724,6.602541982676252,7.011211274810455,0.6199639865255708,1.6909624257165832,0.7268409722093391,0.08583674036470577,0.0633543494948766,0.054789444557706304,0.27446301458731165,0.1935336672515134,0.26787742269292397,1
0.24564290117001808,0.17371598365568108,4.691699843384074,4.947293034847505,4.6301443221578795,-0.13921643329601885,-0.7478319925695907,-0.4728895780379605,0.5773293529501247,-0.16206897615549737,-0.016677506260081933,0.01297346810649214,0.014096326039249695,0.012488632632377449,0.9624511800482025,0.9453720714143977,0.907671528307579,0
0.6018128799182331,0.8257225038005491,5.009676281097899,4.972973824356739,5.005361050011122,4.1002465643222985,3.985478732982907,6.273163084182967,0.21522401310193132,0.38745707243440825,-0.19721840263428098,0.07283242842308565,0.07593493318199208,0.06456640896044286,0.17834580720228277,0.17475002028299752,0.29995403893298084,1
0.06819671061541803,0.2008287939651221,4.400442517215115,4.65896651038448,4.707743395042219,-0.6635966935285431,-0.3321420580495329,-0.4619668238896617,0.06706715226092201,0.2617320918349988,-0.11054656665412387,0.023821385283219143,0.02960431486144098,0.014954094420698462,0.9452089872347967,0.9656993043355931,0.9328960816481637,0
0.41343863325311,0.7177308348834026,4.669005922558617,4.818075800926154,4.728136208256791,6.055854276280725,4.8829328268205,5.277187437500983,0.547906031173856,-0.060033959922276996,0.08947730051241923,0.15028943585273916,0.10419467230488501,0.11599090583342352,0.26843491564054395,0.2637200751455006,0.22683366996239715,1
0.06281238103778702,0.24137008378310576,3.8999467049448153,4.105363571599821,4.078119302056419,-0.0803234856153745,-0.21707821716923048,-0.22312113973283987,-0.3765564248402063,-0.23147199226509663,-0.1635327170971075,0.024053061098084413,0.013943171859683893,0.019323664858825203,0.9512629628667577,0.9301546344568247,0.9510865931394111,0
0.18691428512121566,0.5560770474823117,3.89644246398815,3.846598007181754,3.3792736052704946,2.5296420214475592,0.8727829310594317,0.3500031162255066,0.564519508941865,0.24527793781555624,0.29193539095502985,0.022393114943253405,0.0316102908069926,0.03414798248979384,0.8718681429630133,0.9501803740052307,0.9458216647535382,1
0.0612906505171955,0.18294539970642576,3.129867043455571,3.633813836743433,3.604543688492507,1.9326957324673115,0.045836501322726875,-0.268836909533007,-0.19971227222223434,-0.08263654042120841,0.29263760377841025,-0.0035906743286247544,0.007376033560674054,0.02956421823429882,0.9175597234269259,0.9486239764798372,0.9461468355960333,0
0.17882040890351453,0.6044220111590812,4.7922739397321585,4.374261090327082,4.570812949298186,0.46937358013835784,1.7578333257474297,0.1617637672086336,-0.21865715470201497,0.4305240998707934,-0.10208372614665519,0.019730480093704997,0.03242355110053739,0.01217232718503573,0.9454588255701701,0.901123711109044,0.9472718803137932,1
0.14933291939191087,0.14618021019115388,3.7662692197530023,4.281223067139084,4.10547513343468,0.27754523903979367,-0.3285316039659052,-0.17119575122081754,0.15115366833767416,0.3786242575791277,0.28031576961362475,0.009194256130017796,0.015954218054176343,0.0172307407049309,0.9539105919272234,0.9145921166604257,0.9512355877372456,0
0.774608155741874,0.9041372219165178,4.8229621750185885,5.007977290729945,4.827703528927339,2.246397517109574,4.425229025688582,3.3841266543949677,0.17985361494586363,0.6495716239828531,0.5347635876742108,0.08244030529395097,0.06064137336903054,0.04934234726697886,0.2329478241015328,0.32124926935144205,0.19928943504728047,1
0.4225768118156239,0.7391672805033587,4.893540250770663,4.501933863914064,4.547491818489229,-1.302100933446502,0.07193035311367879,-0.43095677401276955,-0.014647471617739112,-0.6108145557923541,0.39888389423493315,0.011513453199152307,0.018431867154917413,-0.0021357109672145015,0.9392040048113498,0.9446934573456585,0.9376621220735063,0
0.3519647452742499,0.7039332883462422,5.097740316857529,5.002744809292299,5.089455962029184,5.4959210326642545,6.937415625460968,4.049330767082571,0.5447343983167524,-0.7575267307947229,-0.08574076902087292,0.0843405795276613,0.04636010478313712,0.06710112722296474,0.22081032162660147,0.2211196126195031,0.2260327029786192,1
0.13014814620292114,0.27140349849773615,4.4295117776103545,4.615318143188696,4.5491012835305185,-0.07543226816325621,0.6219130680019793,-0.3008049709429792,0.178958979343328,0.8246740320519326,-0.08088376701300204,0.020491195621347057,0.0025236620622522236,0.014018763276867373,0.8479067148087032,0.9358661561089996,0.9222501019624703,0
0.5577566784128902,0.8041920487379349,4.556035239447667,4.761585704445729,4.725318880376443,7.333475381359056,3.642075507018993,6.550494596850619,1.281961697424655,-0.8482765060481063,-1.565939245084625,0.10140359598891206,0.05928493514096827,0.05283021353241195,0.2582813196789346,0.2415741548660901,0.32090911621552903,1
0.84349301847337,0.023923439564853304,3.6822537510908853,4.9004717225762615,3.667808359476248,-0.2879964236411028,-0.13642607100789128,0.9815181911933291,-0.012270881095596582,-0.018865502812884658,0.21396823709484278,0.0087746582533184,0.03641997746058868,-0.0016319667591768957,0.9443365393666813,0.9704659333165547,0.8979440406136471,0
0.58084393657868,0.8304550831557972,5.06434631552561,5.0712777873312085,5.075593018417985,3.6181512768451842,3.1961385230105304,4.930317464410698,0.316081106789355,-0.024100660603580484,-0.2743070472851287,0.1009190874888486,0.07329372176550387,0.0696966852460588,0.24903431491114808,0.2451315921383741,0.25557648624635754,1
0.047210970512950444,0.3204787922023927,4.3802532752736205,4.4341510795341454,4.257006722487452,0.5260266513996847,-0.006473995688829781,-0.5080078719126182,0.5313421770536105,-0.06844367318871382,0.35384719992130137,0.022157856575528476,0.01960707248601701,0.019975870533993443,0.9151679224689354,0.9493323229297902,0.947415826944644,0
0.42624830817484155,0.7507449999409386,4.8602357747654095,4.893540250770663,4.696707289161269,5.764059475867059,1.529432239973083,2.9817130325868515,0.46179428001886086,-0.004834597622726396,0.1421441711506985,0.036406613113288515,0.03672477679145079,0.03286989613583225,0.7839129571811235,0.9090811890998755,0.8753664069361168,1
0.15666203407299653,0.21310346407401565,4.288590171616557,4.549883023547602,4.312724588800695,-0.8830069348683969,-0.3145358283610622,-0.5259109889160585,0.25235948946946934,-0.13795424687665248,-0.2258373293252905,0.010782618271677149,0.0015281392816911398,0.007655156286139307,0.9363629652622912,0.9311421307414948,0.9089969305431302,0
0.44600978746706305,0.762162800217619,5.059113834087964,5.215139704880844,5.124113321057181,3.144109460080328,3.680891479203156,4.364835224230693,0.37237036690893976,0.042215770223183305,0.05449101275378166,0.08328942714777213,0.0620451532808462,0.06647296597186794,0.2637763312372483,0.211207061198554,0.20693679428448086,1
0.15671219139439782,0.23930432994187284,4.857965641391797,4.876143816089772,4.930813850517481,-0.24486722539449923,-0.16001112492816638,-0.7280785231128313,-0.10911214352047464,-0.3770252564431954,-0.28675880322031566,0.004078231897569157,0.02155819369437993,0.006239919734180297,0.9118411854321967,0.9612898063179894,0.917199378597652,0
0.38683072964760756,0.7256661981489838,4.562126992267611,4.305841586113762,4.410271332377823,3.951981442171454,1.1127026243855251,3.394103764066121,-0.7159564713263142,0.5760355777245578,0.8712774958735212,0.039877915561647284,0.03792037246818829,0.036722636581363606,0.8484483536885734,0.8748512478043334,0.9361685772416113,1
0.052921618243780826,0.25748407383172994,4.4352353865768945,4.509075932731092,4.52485339252079,-0.11649167788410342,-0.6147886455156595,-0.2056508739912033,-0.3111969409752689,0.30246358276524704,0.2810532683962743,0.015767492925314153,0.00954028648322093,0.021971279158628145,0.9457542017398259,0.9444167484184681,0.9434804162527215,0
0.3165385657814214,0.6737405570842804,4.3501361829928475,4.291744096992212,4.364400728806275,6.075508578614784,4.841508125574923,3.773371311923504,0.7161822656715939,-1.3037543121384263,-0.05539269842168389,0.0636709431956585,0.03303225201771687,0.03374832052933542,0.41742910170596975,0.867287678402108,0.7580474781765566,1
0.14498528215568585,0.09639459751380518,3.070236525320101,3.7986056800436496,3.7731351147308607,-0.35912038838055693,0.160308614633613,-0.4314586062509034,-0.21499422054247924,0.05512840800440562,-0.1376003798862952,0.010720335451283858,0.010303199291229302,0.0198389071270936,0.949417325291374,0.9569462212968228,0.9689837729493125,0
0.49797745968516705,0.7791491290078592,5.170934633328424,5.21252346416202,5.14490773647398,2.168059650062127,2.548908306449536,3.673461458081163,0.1917921274449808,0.09404656065408577,0.15055108765365655,0.07969309082604892,0.0573263788581791,0.045271952707964476,0.1571954395783107,0.2144797508804984,0.25476925523774996,1
0.22195190471085657,0.10163457715663034,4.40441164095668,4.935129081604259,4.652928340430825,-0.9543756299237205,-0.8393825841481934,-0.1522048286499018,-0.2057043182517869,0.07382129735580738,0.3396058706818104,0.011976668709202831,0.0105083433308995,0.013842785268797897,0.9658183063774854,0.9445002030282124,0.9068152999218799,0
0.14867595180533807,0.5498549110899557,4.5932508602259166,4.475650385041079,4.5105643260876205,4.699155873464187,1.0353388187123311,-0.09404285607708118,-0.5097990862161904,0.8814785202152327,0.2693192404179179,0.0307679742798769,0.017670748646098064,0.021602416934823666,0.8497633905254284,0.9186665899211948,0.9338637034229109,1
0.0620333174190719,0.344978491342909,4.298740573504734,4.4330547785299474,4.15042791453454,-0.20155941815696732,-0.7898480026608654,1.513728011528893,0.3590624956637294,-0.1388834440253848,-1.0795868990598558,0.016463841172985588,0.009811486337418034,0.01030290825922688,0.9334853174729522,0.9455618531940371,0.9276101193864853,0
0.502014012336437,0.7994665180525861,5.092507835419884,5.079908249504762,5.140592505387203,3.43977046540589,3.3075434613507753,3.809171072452334,-0.5038919776555082,0.7022961058907812,0.5600762145851349,0.09915518724828735,0.07363283795521684,0.04461440502252805,0.24106219960935274,0.2059887521282047,0.26059543565521204,1
0.10979191892643105,0.265465395461281,4.660866587913957,4.590344007018905,4.867167246571009,-0.1673525172234469,0.9337297425387026,-0.5573420414603976,-0.2904450310209069,0.16123958895945179,0.061667573409599434,0.005976506283408759,0.00545672303987268,0.01790569061623492,0.905353084476092,0.9065599116224331,0.9493165882241922,0
0.5664845967770217,0.8025698418841393,4.739784513351396,4.59164139518463,4.673086036014222,3.9823812486597667,3.5135251923265187,4.85622860700226,0.36864859061409105,-0.5950774597679024,-0.45362170307639643,0.055347560939932205,0.053346358206039,0.035941668919154623,0.2621227344156105,0.6841199889076433,0.7616199895683102,1
0.09730474304009272,0.19088214342911503,3.803311944932992,4.041216330274551,4.139205732261907,-0.5818268852963331,-0.5508009595577139,-0.7310719177034559,0.2657826054594602,-0.13312186886301852,0.0519772652047733,-0.005654052146395301,0.011869952911721115,0.008829981940133225,0.9276086023318602,0.9198255530944595,0.939062947928786,0
0.14000627928748502,0.557609478066787,4.968087450264303,4.730582908172183,4.904005213645952,4.114870086874398,-0.08472652330545882,-0.4235019430631275,-1.0412499676212206,-0.08921724443015151,-0.14180175469273476,0.025790294130941884,0.026432805670831533,0.021055390422505565,0.929972879868736,0.935295940877042,0.9404936042835198,1
0.18013265205084145,0.13420849678536556,4.160546770064621,4.519194788261173,4.467019922867523,-0.40742258940346865,0.20957587594765847,0.11370630998448217,-0.02472643435358966,0.23586540224612498,-0.24242844417549,0.016451028594397097,0.023363111610699448,0.0022213561194285754,0.9637207442819674,0.9459796684734374,0.9555147899718229,0
0.5242601105069371,0.8040358151164159,4.718588495732368,4.755089865312004,4.896246016816152,4.100963553352888,3.7614776797960943,4.961490861790347,0.35267463590806974,0.40063859046851646,-0.8397427301186282,0.13787939339353336,0.14425543627344575,0.12744364989431273,0.21414862771031087,0.13861767811641282,0.24774280537007276,1
0.08263254614970537,0.21847010517289223,3.800955828894026,3.949529278118565,4.246205162116854,0.4555859503582589,-0.23120769362676796,-0.2105572709350434,-0.1643038944500536,-0.6377634455023398,-0.5067984166761287,0.009392599593427855,0.012343159474824532,0.018351377042612752,0.9216998178389014,0.9472856493047802,0.9550854892982934,0
0.7540562718425551,0.9078307260666453,4.969094225941836,4.618440522206257,5.0018275589414305,7.022225558738324,5.594596195189588,15.748831507728152,0.7227407978377074,-0.23764861994695574,-3.3951023625209054,0.07948473163117153,0.0734516265697049,0.05138723868176448,0.3304689985393564,0.19412664142889893,0.22040885543544836,1
0.16584745578124913,0.5304320885636482,4.600874546721937,4.371888904968513,4.379938714286503,-0.042803257163448905,-0.8611696089364629,0.1090269856821271,0.01902366154358277,-0.004047843091223991,0.2024400800425431,0.015256024482555013,0.007168427087310581,0.01453369398762414,0.9427176673362312,0.9562781804119759,0.9367919763782344,0
0.6962334239796008,0.8802928654232822,4.977635162788724,5.112866618164806,5.205591992356421,1.5652855107235863,4.67502021563495,4.359360334939452,-0.2801481117389079,-0.4033076511176251,0.21390023157969965,0.08418122126643814,0.05277559667601608,0.03837621229931829,0.17124181038557182,0.5015821492476605,0.618708958920983,1
0.11904146774007678,0.2625226437936919,4.812978829822292,4.672258310990019,4.911718425468639,-0.6786076500021809,-0.03162504461984206,-0.24202020505357158,-0.024660529386606688,-0.32969311898501613,0.186651859244229,-0.0005583553523809358,0.012931587821558904,0.02684014901182713,0.9516671677628584,0.9623567064196623,0.9502049130605804,0
0.382826003688937,0.7195278910943099,4.957622487389012,5.131044792862781,5.085140730942408,4.320000346172106,2.984931766549045,5.352903806268234,0.5363375873123244,-0.17317344902115533,-0.07886025488762409,0.07408644704890435,0.07284843903735176,0.06294773539206143,0.1797899972232288,0.17152147153906086,0.28109185467590797,1
0.2074301958468377,0.36987912146424806,4.530867613975523,4.664755696178762,4.073078397930394,-1.1657438400536795,-0.3874833610891222,-0.1497076299938005,-0.07242207651484216,-0.1894045592247587,-0.3514279072808273,0.019842083313885876,0.01415496231021733,0.02049716397335653,0.8917725910698947,0.9761156301032512,0.9550089935393252,0
0.2035260257092616,0.6164956179080735,4.130705851623016,3.9531570240082052,3.843199827140008,2.0237245627205134,-0.8083212853732951,1.251764375876662,-0.14546798519286774,0.3055586887799699,0.2898629264105003,0.046390135306164725,0.025779918978985048,0.030383515716495363,0.8595203413959686,0.9231786151179868,0.891591237180044,1
0.0895827401290061,0.17867405795080482,3.124371265005853,3.6778786176054483,3.51901816278065,2.0596729078562,-0.8445857075450851,-0.22577291315100823,0.917516136496871,0.31532876779454855,0.33082514039221295,0.021911419423899264,0.012920292517296386,0.0368896731756684,0.9218305174605929,0.9684623910346923,0.9632955393128337,0
0.5922797501425128,0.814104312800764,4.877721734772965,4.799060391354073,4.799897626228178,4.307063907424807,3.603520446406823,6.450005083948868,0.4749640342019367,-0.782824449530629,-0.5763662370727535,0.0964781678708873,0.08129426805596603,0.08832970956214382,0.12503332620930446,0.2207396677220615,0.24390577423802787,1
0.12555716496311206,0.3431309909280262,3.7027820746392375,3.6140908288961104,3.7303872629918544,0.07950359326663303,-0.04250780838164525,0.8839411058442899,-0.6100674843618606,-0.20429591169827468,-0.5354767856868697,0.015475315617439485,0.011700905534557873,-0.00708162139232901,0.9580647305000901,0.8904863015680539,0.9024056934733886,0
0.244275690724615,0.4488398333007034,4.4013042727089635,4.391240912035901,3.7847321680327872,-0.7012087289188056,0.06293395761892473,-0.5454774951807626,0.10365177209930339,-0.11532909500560921,-0.27838746297767514,0.014009145148714673,0.006800821611097672,0.017800949749193752,0.9290369092079869,0.9344733792511823,0.9040057745705856,1
0.04406037038963936,0.2803369372834118,4.36325844279496,4.378900392250874,4.507466467689804,-0.6898911414890927,-0.3181836873162962,-0.7267196010839756,-0.20063806720726657,0.055102877125878774,0.20447953744622205,0.014688288538079542,0.006097655905816844,0.0157424112907927,0.8989994082001348,0.8953215678391702,0.959630594710886,0
0.6875005837456042,0.8644817033358192,5.033086937233521,5.049566121563542,5.030124589169488,6.172022849450592,4.719462601834519,6.225595233395472,1.3626599785718279,0.2402047093796432,1.7052322572573906,0.08348906165675131,0.07048188044612559,0.061233819158453676,0.28305768889742466,0.20219028205238437,0.2609637292565363,1
0.04963676837649053,0.3635365447152694,4.26265280008878,4.233951683546944,4.442692016381034,-0.8466425535100872,-0.1731613976002464,-0.6817295716835772,0.17188928372816625,-0.10938261602002802,-0.14761558808738984,-0.000261334137859125,0.016869037312672596,0.015023874698725171,0.8945616042972123,0.949455171244923,0.966252976200661,0
0.1329430608554082,0.4924619023338419,4.695925549144185,4.575217705711628,4.631361694846841,1.5939018347459557,-0.4874220458244798,-0.7127501090125019,0.7077588833484951,0.11654606929583623,-0.5836186020595038,0.016287327888316726,0.015242842982586215,0.01901725467882649,0.9263329250426668,0.9197112296341845,0.9173809794897553,1
0.09862307386777364,0.2219794712048692,4.8229621750185885,4.846372831154211,4.954224506653103,-0.3909916560753257,0.30256321018779175,-0.8963333692401494,0.026285767774811456,-0.5491407980003168,0.4461940537175385,0.014549296601374304,0.0162322696886564,-inf,0.9169853492866514,0.939740751189897,0.8815704767938081,0
0.4917508650153679,0.1301092457221677,4.310704011707275,4.304844320286131,4.784335692249025,0.4861388753251994,-0.8316116926627748,-0.8588542834904174,0.24574022908855658,-0.07731466264889421,-0.13152225896390424,0.009594247932720922,0.017148113250732493,0.013175346259783975,0.9357072316940367,0.956578671306832,0.9473125199019147,1
0.06380760059951614,0.33449588825731724,4.070863759413802,4.282350914501378,3.970413218862029,0.1919981014386134,-0.2715341018524602,-0.83481714527209,-0.23500386603819226,-0.11948095845809185,0.3552808709312678,0.00999019450711128,0.012704483548501332,0.0006575412616159318,0.9018178976965223,0.958254283393209,0.9541281222082842,0
0.5612092060910829,0.7789918609854509,5.047867131195588,4.932166733540226,4.941714446064649,2.410317773583481,0.8106817660022001,2.3226531487137336,-0.017150551018124384,0.22966010778807752,-0.6549207252062491,0.030300694659240263,0.024016508303190697,0.03089896252280791,0.7930919295432399,0.9216491151329532,0.9116728790519075,1
0.4537301489739989,0.27220826666676945,4.78956817368667,5.032305197216434,4.505331844649975,-1.1586799601942614,-0.6718535938064809,-0.6966246014857811,0.29469393246805736,-0.10919587543655815,0.21515243731455652,0.02090890353783634,0.021146099908011518,0.022624151330245087,0.8931658451774424,0.9727398414025987,0.9389090380544378,0
0.06881539974795427,0.34937234001707834,4.326064858524903,4.055972575737694,4.403404865279145,-0.9198834992885372,0.28107689137280145,-0.7480182551155723,0.41045903592302313,0.6483659862685847,0.17200743715861316,0.01687966110114767,0.0193444538833503,0.020893085809578615,0.9673533725418703,0.9137616743729401,0.9576396917053189,1
0.24612758324922246,0.09086572363916666,3.0381608512515155,3.8455064356708366,3.5167403921238862,-0.20683472572809958,0.8006616392657273,0.5448403580261867,-0.4819099308723785,-0.5394133301008396,0.11513410977649174,0.009206146046631256,0.020469775415004644,0.02184537012774242,0.9462735036639363,0.9634446844057216,0.9094505895279491,0
0.3525640670639136,0.7215236206808993,5.151839208279579,5.164003161522825,5.143208746106026,6.542853470108819,6.719406805985473,3.688466993537382,-0.9912175505909929,-1.1081342280027262,-0.5086471850599384,0.07950307946456106,0.057190650208552095,0.06874767138545673,0.29063782477793704,0.2706402968391595,0.195896022242836,1
0.16519501847045248,0.15063866761615852,4.122155404926226,4.543522694747661,4.381516632969698,-0.2735935206594853,-0.017635509807027994,-0.823170406426919,0.10371272236531251,0.22459957614943654,0.004254188982781517,0.011606056170355997,0.025949009558311982,0.007753562927246151,0.9132912626453181,0.927779611715179,0.9214105829317674,0
0.38528260401538356,0.7397036867350351,5.023539224709098,5.024456475059967,5.027854455795875,4.724912280286315,8.344268518083588,6.375438020061786,-0.9149100446494002,-0.030953080126280664,-0.614833435198274,0.06440710196817734,0.049214649200439525,0.05416090398802787,0.2718452084348368,0.35405973729496415,0.3145411913485784,1
0.32012308238267695,4.261270572645117e-29,0.0,4.7797638791437045,4.805130107665823,-1.3618229119401317,-0.715031782100203,-0.627205322882642,1.58671224055518e-12,-0.16368413840636575,-0.05054137682597551,-inf,0.031215428588981825,0.004252157491796096,0.1320141810024719,0.9221703866934259,0.9368080567551998,0
0.7763766477518553,0.8883779143812884,4.941368338719439,4.974101671719033,5.098086424202738,1.2658933878367336,2.13577694508563,3.202934534195009,0.2736696655398728,-0.32288458163086886,0.1086380814644223,0.10479336860484656,0.09148700040085882,0.06563484937624828,0.1817698165349766,0.15890646376249265,0.22409431905562752,1
0.394822454266507,0.08160002447473298,4.239779828609992,4.459427782729599,4.8648971131973955,-0.697784956260171,-0.6054054061022995,-0.37707190562994786,-0.26940651057234344,-0.3058209015246122,0.14273693413558336,0.02019880911461397,0.01991032263390105,0.026582322084814,0.9706720398710035,0.9498241122527973,0.9627805593878479,0
0.22282740460904688,0.20168935418050238,4.834554985256175,4.942977803760726,4.973319931701948,0.9414345870034952,-1.0118378789065232,2.4100154446639364,-0.695997749449551,0.09867289711650852,-1.1865125641936307,0.027308781344191457,0.018821021130210468,0.022384396531528003,0.9167446587449777,0.9382337378930204,0.9134124701625431,1
0.116660159500262,0.15093380476961593,4.869347854617956,4.973319931701948,4.992850989422667,-0.43940089634115465,-0.31850759902402537,-0.6177495897806335,0.05499834933724353,-0.6379548946228913,-0.24799724664262723,-0.0030960406575884242,0.013553007742516152,0.010597967563715354,0.9392013716740637,0.948045113984858,0.8835604203709609,0
0.5138958034498051,0.7930212623531824,4.664835711655526,4.746805510483661,4.924889154389417,3.607159740863435,3.6032698023100496,3.409202984331297,0.49658848995046834,-0.6459865577895573,-0.11914260457981266,0.08823190595870634,0.05441042534390799,0.06108441173582151,0.2879459845406935,0.10650316241188475,0.2108661573392733,1
0.01654054506699189,0.3718333986618567,4.3754223960382035,4.279824199109222,4.200090503185053,-1.11295796446181,0.12300547947131335,0.10447480507314699,0.09455102519831862,-0.602394037021128,-0.14270662534913958,0.016692619036911063,0.01017978603678534,0.019287095392557022,0.9325083435898526,0.9250047074744804,0.8498199508243454,0
0.6533849343519802,0.8503360699466361,4.861008004932593,4.911718425468638,5.042634649757943,5.1291689737340835,3.4900653416558027,6.688274613986341,0.7716624523880375,1.0383998078699157,0.8575508310058024,0.10438105074086589,0.0772493573956024,0.08127496905792927,0.2852344303619496,0.2132163011464957,0.19950526861661483,1
0.16366995574762896,0.46346972000414377,4.602854067607359,4.6963611818160595,4.241633349011533,-0.7116652590393864,-0.48665395834908676,-0.5763336677922304,-0.15381780435848985,-0.23667698888919977,0.330420079429076,0.0013341925483609431,0.014382022843325033,0.011578677471419089,0.9151942472122949,0.9570858766930381,0.9342061380921143,0
0.7047321659503227,0.8556711989462495,4.589605807321366,4.4075137424188355,4.522036064640446,3.9932102305187804,2.6662965506468197,6.5921038879346,0.27821681796029707,0.6329093706785617,0.6807083825398773,0.10891401570542421,0.08597638768361034,0.07891893530250502,0.23622411109129587,0.1687872556025965,0.20935793145599185,1
0.2038358482728594,0.22591766577072983,3.385310949024797,3.654172538037199,3.5381251695519853,-0.10055111685763762,0.36555956940815637,-0.3388354509184133,0.13975606039104624,0.7009534058492648,-0.07736782300784995,-0.0008790000956109954,0.01162092936666393,0.020523621623677445,0.9436192502686899,0.8529014613825672,0.9497313392094117,0
0.22261806556783204,0.2918734617365642,5.096387433834785,5.024456475059967,5.047867131195588,-0.5410744122528595,-0.7286289437577746,1.543929444129347,0.047417663847379124,0.028245828021351584,-0.4576874632774585,0.004017894706707242,0.013367409813672933,0.011037018783110296,0.9311207344747704,0.9625147031120919,0.9361410080884951,1
0.27896421362778434,0.14752958321423282,4.848989071873033,4.90832044473273,5.0469498808447195,-0.8614314476288629,-0.2152560103754313,-0.5962935633887056,0.07565759981466273,-0.42856154832251214,-0.058245044140323145,0.02931458788706843,0.012525197437831355,0.016395476348418116,0.8819272067567866,0.941950728592135,0.8878653299118683,0
0.19290932821818974,0.5407330619006876,4.925581369079836,4.782636701881071,4.853650410305019,0.4480715232744572,-0.2662872237789311,-0.35444846944411124,0.1697530247546253,-0.351593770128593,0.2728234366007085,0.008700179695186818,0.012754633193625546,0.006157118575017234,0.9356805971925253,0.9246898193890442,0.9445085239340388,1
0.195372355887874,0.23419326220856101,4.686377836619762,4.819910301627891,4.794800655124316,-0.764232014866034,-0.8034454418666628,0.19801725414384963,0.3537834035935972,0.17261301990784708,0.09830678226513262,0.011596655307855865,0.013899343892147687,0.014893074680988109,0.9382552760144678,0.9552545866224024,0.9108621812136429,0
0.5753807589272738,0.8149031609873212,5.140592505387204,5.1640031615228255,5.240249351384419,4.813474670048697,2.6425285872671953,5.245234049555094,0.4192440203620831,0.3498028144104477,-0.011350902851459524,0.09908649616671684,0.06492507619069021,0.05802138873509001,0.22711659257735173,0.20773603505069513,0.29769050168025574,1
0.24148296497090307,0.07609706654946786,4.723740961693249,5.090373212380054,5.07036053698034,-0.038158018532661764,-0.7068775302919192,-0.2646791462710252,-0.6395990501838689,0.02382592962984115,-0.12381935391920201,0.0199887397594021,0.00913937300966489,0.011708840033165484,0.9323610459579085,0.9818212218655836,0.9453488362849126,0
0.03890503549325361,0.25737713137363183,3.94158152078553,4.029800658699566,4.206506898962833,1.1686071329782264,0.024417948856648053,-0.9267437725414531,0.824491950706246,-0.7423035839388281,-0.14333446848818907,0.03555147898824596,0.012253031874061605,0.01933175011685016,0.9111471159369006,0.9466121256722017,0.9413871165448908,1
0.6555000985042918,0.04433559347859249,3.7581298851083442,4.76101456144007,3.9826887339401327,-0.6955143607524685,-0.6857838994762271,0.3309085070253497,-0.06770905970416567,-0.34294188876520565,-0.11787769917003516,0.006355119110050075,0.029975570234140898,0.024620147576009364,0.9224890653130311,0.936708549038058,0.948664173624657,0
0.668434943260778,0.8638156038729583,5.0469498808447195,4.973319931701948,4.9139885588422505,5.94220077772799,2.2475852795408713,3.4781886462366973,-0.7024958468479336,-0.010904755802621645,0.21343134252218315,0.057384267964757575,0.06227088942563627,0.06281736058400078,0.32278854052775763,0.24597043737088423,0.2942501069742551,1
0.1320665213831635,0.3725345552845079,4.268689058051703,4.266649261952642,4.1018766376580675,-0.5426910530697131,-0.6158557773769853,-0.10715830758488387,-0.04268786890650354,0.11231508083735874,0.17841124895416108,0.004234404223305896,-0.004993247985839962,0.006483692513372613,0.9210880608904367,0.9068660185757546,0.895944550179169,0
0.3168811952597151,0.6737748575344116,4.660721567730273,4.654201207976803,4.827848549111025,5.313336089509045,5.645637186605553,5.055751064254615,0.7698037565961909,-1.0665025778879234,-0.01742684129601462,0.07407425973648421,0.04001735888029417,0.044499374332284534,0.2900716258139872,0.6819962111928891,0.6002852393519651,1
0.05020243339484278,0.24639720791734554,4.213125721772049,4.277207958390396,4.31374637524807,-0.621767908738609,-0.5938456158192342,1.10578139771063,-0.13039544576096157,-0.028748503111032615,0.910906732715533,0.0077796197475347734,0.039113703706210694,0.0427849169064286,0.9586055758066153,0.9418131709689633,0.9552526401965845,0
0.42428829983134103,0.7495329122538295,5.078209259136809,5.03308693723352,5.020922983990275,3.9999665534434943,4.605301793008216,5.744413623493282,-0.5434038772211988,0.6803897163728923,1.2416561199120264,0.04761677075149437,0.054484040755078525,0.036798194297274156,0.37023174287340715,0.8156286680368244,0.8858804458460989,1
0.16439589922360692,0.266702815040794,4.356842619137998,4.28468662470273,4.573864822688882,-0.20795459141561734,-0.33234440814623145,-0.15424305729672572,0.3847954960329146,0.10205487416153959,0.29813429330983526,0.00011607717728725716,0.01022644407116841,0.0031970804566813123,0.9455624267871008,0.9627334571315808,0.899310036462292,0
0.3326790077867908,0.7128656311829024,4.2187603775327425,4.087868673863183,4.159307932988285,2.7696975335344716,4.018547126344021,1.1235670476838813,-0.3997337282643359,-0.9791687350735948,-0.7324788568390986,0.039828775879135796,0.031601687660790904,0.03692868490864455,0.7619816665382979,0.9282909033850102,0.9633779392555966,1
0.24558328187472347,0.10839589573513018,3.0315349011001973,3.8255129792767657,3.408773569538489,-0.34174110453898265,0.01611540453081961,-0.7397944981674223,0.27578440115658864,0.5067259313006676,-0.055495710041433624,0.01602293817620527,0.02744372715627341,0.03284986395584908,0.9429170819155438,0.9703364054656417,0.9503815091589305,0
0.7201595168372682,0.8806914412361153,4.916033656555415,4.537252463395205,4.711923115795214,3.223252504683849,5.136551958659709,5.3699584928545985,-0.10466039424537472,0.002643584489151358,0.47436301581274076,0.06044146709872369,0.04966848846664997,0.050362497702576954,0.22246632335308364,0.20987497655137777,0.3540289970269464,1
0.06660523294343532,0.30659940554712156,4.072362234741051,4.110553656959556,4.132966475146728,-0.003263405612606629,-0.1507745330186432,-0.33893918685236146,0.578417261946923,0.04132780639977712,0.06416290331554639,0.011927967143238058,0.005546483778415774,0.02769885583031441,0.9068029856379555,0.9478259238483695,0.9502028325528435,0
0.2580940777372917,0.6655859747513692,4.8879616619878075,4.803520642624535,4.686031729274552,3.906853075151602,-0.02514162924722463,0.5027559692995327,-0.8546824746772701,0.1567587572231158,-0.32503399466092137,0.015832297604783222,0.035146308483037826,0.03511016458497016,0.8321539621049655,0.9152550740346586,0.8301539247535573,1
0.23133066853774525,0.3555161273000393,4.5293136437912525,4.264373826964926,4.578751196781318,-0.5059249781467994,-0.5610890312842991,-0.35751207505324745,0.17790003206716895,0.26754074375437004,0.17276922229523956,0.007537529880839198,0.01418471910003425,-0.0028198391704235145,0.9291444748028063,0.9543412120129191,0.920673747007862,0
0.18467395137221176,0.5929946174803024,4.134745480991444,4.005954369892068,4.01919010351977,4.0378126857229315,-0.07159140107164186,1.0351189386452049,0.5725388923012585,-0.3235310988076839,0.03458380741381276,0.035771947875058725,0.026780312401907775,0.03725698370682575,0.9069783568662878,0.9292098821481972,0.935225689766848,1
0.4645542130417068,0.06416803515797594,3.3421985261106637,3.753042995975203,4.434407661552692,-0.21228805730040357,-0.4235797060320299,-0.5800246455906155,0.26915776875356123,0.08959611647684515,0.0652655221399859,0.0074859224764027826,0.013616221291678322,0.021016236713954393,0.9065428810712438,0.946765647449584,0.952266037172027,0
0.32372305140642504,0.6930394742994556,4.988535758335891,4.905704204013907,4.8545676606558885,1.6467366784850501,4.520054306509533,4.03640265704497,-0.2112584487996431,0.10411194457345689,-0.4906469344972021,0.06038746403572244,0.03675030156185766,0.026545084688000212,0.6059815234272558,0.8838219237214833,0.8035159133293939,1
0.14705770889039593,0.13209145387595755,4.546003425132702,4.797852528515014,4.718854587600811,-0.5725074286771981,-0.6028245763480231,-0.45153189226027823,0.3929270620914332,0.07856596315265293,0.42440090705027883,0.014691136654158327,0.03245646684689634,0.026337961325968145,0.9541862875901189,0.9723598301028273,0.9613306918474868,0
0.6433028469052244,0.8522536360176486,5.205591992356422,5.2082082330752435,5.2636600075200395,4.91381831784581,1.595677463455898,5.562753344383658,0.06761849246708591,0.3391261152009887,0.11712675126867883,0.08217753575260474,0.07051542540241905,0.07855088083367612,0.264081160861113,0.21658961506491012,0.24386939021610743,1
0.09201355436898304,0.25217886139701023,4.710224125427257,4.861499132461487,4.861499132461488,-0.959440987053485,-0.5336640637109391,-0.9879032292466445,-0.032295788970422595,-0.3003707643719595,0.18061717274596617,0.014824291100179321,0.01213740621294284,0.022647381545905714,0.8846987980540774,0.9568801330259581,0.9554344327984972,0
0.5343694009779009,0.811474285324094,5.021840234341144,5.031387946865566,4.981604286530292,4.7664145387175205,6.94108020396547,7.797099788358333,0.6530515139918479,1.164931858795741,-1.5592594014251986,0.07144327378810776,0.05662108328109397,0.04891939163207996,0.21620807623143232,0.19866963330617013,0.2864478757763493,1
0.2525261713232783,0.09193648552511312,4.143619998525251,4.685596096602678,4.518928696392725,-0.46286259751042724,-0.7780498530053639,0.019382377216011992,-0.32591289026041065,-0.0868952914983733,0.17464686217583458,0.008437404058929536,0.004185570774924829,0.004814140061686797,0.9387909010977258,0.9455085448945283,0.9269864410964693,0
0.6011008779299107,0.8456169431369054,5.084223480591539,4.95853973773988,4.920002780296981,5.253150444709457,3.732780092648669,5.809195738443487,-0.4538308599857907,-1.0020709298303874,-0.07870723270905575,0.06406740496929425,0.06403828348432274,0.06212585205422311,0.22092341404499752,0.22482924878370864,0.23765778533140722,1
0.20542994832527417,0.25696830383555946,4.454485913780145,4.747062092502205,4.365695632860451,0.6213944917002863,-0.40351820337489475,-0.6663613166092537,-0.428244542275001,0.2376814116514047,-0.030654684305287467,0.01475124179868775,0.013242375940308535,0.024071931121940858,0.9319845462138616,0.8988553581061228,0.9665618241814452,0
0.48560233932213887,0.7833154916085118,5.023965347531071,5.105935146359206,5.0452508904767654,5.9638115624742,2.6063108564099,3.578332284389637,0.4870250776050323,-0.6546222264508068,-0.28853642551136943,0.08223929010835813,0.06763652894729963,0.07216990549761547,0.2914986500185524,0.17744762724716676,0.22932950378164713,1
0.07163181930753537,0.4411711702754948,4.692045950729283,4.436152636927763,4.598538836520583,-0.38238576733446994,-0.33664710074868687,-0.5651686507871077,0.07611342161018488,0.45244785423265566,0.052337902687751056,0.00549018341198299,0.010345572636539742,0.01780659381608318,0.9162808016136257,0.9463749672265905,0.8985775399967798,0
0.5984832027244151,0.8378789281991832,4.559600276875453,4.693623869412478,4.7797638791437045,5.7380636144592465,4.495684557993043,7.208515564055459,0.5322077333064105,0.9393489863814739,0.6403007109373995,0.13173538007234276,0.11567662102835521,0.11497918896209021,0.233823534231225,0.19330714773010355,0.27662544034612124,1
0.6524609693904234,0.07313337512392441,3.540044838902087,3.431996641257654,4.481228973823933,-0.948285086326611,-0.09724108750470384,-0.1835453590305196,-0.2117454765398478,0.16580445778589395,-0.1643112050934757,0.008764105811154863,0.00949386528560093,0.015598144029316176,0.9526189156198884,0.9561979094279112,0.9454862806451972,0
0.5024585223838454,0.7820826644699644,5.0825244902235855,5.126729561776005,5.086839721310362,2.73579851828758,2.346858315314263,3.6737562062966003,0.32052368037167633,-0.21436419964140643,-0.1256917349707101,0.08078809609090487,0.06979787869560983,0.06060625556716363,0.20250380377405724,0.1347958030936777,0.16152370318353448,1
0.23751552348672678,0.18726990050785183,4.7510312162437724,4.817584673397258,4.969004700615171,-0.010531438376726765,-0.873448424257675,-0.3054988119442541,0.08555413654103407,-0.4066665419502973,-0.00016191657652791757,0.016199546469781625,0.006261166952606359,0.005768960579893627,0.9410819818033911,0.9455499942241118,0.9347014822207963,0
